[6, 97, 0, 0, 0, 0, 0, 0]
[6, 96, 1, 0, 0, 0, 0, 0]
[6, 93, 4, 0, 0, 0, 0, 0]
[6, 86, 11, 0, 0, 0, 0, 0]
[6, 84, 13, 0, 0, 0, 0, 0]
[6, 84, 13, 0, 0, 0, 0, 0]
[6, 81, 16, 0, 0, 0, 0, 0]
[6, 82, 14, 1, 0, 0, 0, 0]
[6, 85, 10, 2, 0, 0, 0, 0]
[6, 88, 9, 0, 0, 0, 0, 0]
[6, 91, 6, 0, 0, 0, 0, 0]
[6, 89, 7, 1, 0, 0, 0, 0]
[6, 87, 9, 1, 0, 0, 0, 0]
[6, 85, 12, 0, 0, 0, 0, 0]
[6, 90, 7, 0, 0, 0, 0, 0]
[6, 81, 16, 0, 0, 0, 0, 0]
[6, 78, 19, 0, 0, 0, 0, 0]
[6, 82, 15, 0, 0, 0, 0, 0]
[6, 83, 13, 1, 0, 0, 0, 0]
[6, 82, 12, 3, 0, 0, 0, 0]
[6, 81, 13, 3, 0, 0, 0, 0]
[6, 86, 11, 0, 0, 0, 0, 0]
[6, 83, 14, 0, 0, 0, 0, 0]
[6, 82, 14, 1, 0, 0, 0, 0]
[6, 85, 11, 1, 0, 0, 0, 0]
[6, 82, 15, 0, 0, 0, 0, 0]
[6, 75, 22, 0, 0, 0, 0, 0]
[6, 78, 17, 2, 0, 0, 0, 0]
[6, 82, 14, 1, 0, 0, 0, 0]
[6, 85, 10, 2, 0, 0, 0, 0]
[6, 86, 10, 1, 0, 0, 0, 0]
[6, 88, 9, 0, 0, 0, 0, 0]
[6, 84, 12, 1, 0, 0, 0, 0]
[6, 86, 11, 0, 0, 0, 0, 0]
[6, 88, 9, 0, 0, 0, 0, 0]
[6, 87, 8, 2, 0, 0, 0, 0]
[6, 80, 15, 2, 0, 0, 0, 0]
[6, 88, 9, 0, 0, 0, 0, 0]
[6, 88, 9, 0, 0, 0, 0, 0]
[6, 83, 14, 0, 0, 0, 0, 0]
[6, 86, 11, 0, 0, 0, 0, 0]
[6, 87, 9, 1, 0, 0, 0, 0]
[6, 88, 8, 1, 0, 0, 0, 0]
[6, 84, 12, 1, 0, 0, 0, 0]
[6, 86, 10, 1, 0, 0, 0, 0]
[6, 82, 15, 0, 0, 0, 0, 0]
[6, 89, 8, 0, 0, 0, 0, 0]
[6, 87, 10, 0, 0, 0, 0, 0]
[6, 82, 15, 0, 0, 0, 0, 0]
[6, 90, 7, 0, 0, 0, 0, 0]
[6, 86, 11, 0, 0, 0, 0, 0]
[6, 84, 13, 0, 0, 0, 0, 0]
[6, 88, 9, 0, 0, 0, 0, 0]
[6, 90, 6, 1, 0, 0, 0, 0]
[6, 90, 6, 1, 0, 0, 0, 0]
[6, 87, 9, 1, 0, 0, 0, 0]
[6, 89, 7, 1, 0, 0, 0, 0]
[6, 85, 12, 0, 0, 0, 0, 0]
[6, 86, 10, 1, 0, 0, 0, 0]
[6, 88, 8, 1, 0, 0, 0, 0]
[6, 81, 14, 2, 0, 0, 0, 0]
[6, 81, 15, 1, 0, 0, 0, 0]
[6, 82, 14, 1, 0, 0, 0, 0]
[6, 83, 12, 2, 0, 0, 0, 0]
[6, 85, 10, 2, 0, 0, 0, 0]
[6, 85, 11, 1, 0, 0, 0, 0]
[6, 87, 10, 0, 0, 0, 0, 0]
[6, 84, 13, 0, 0, 0, 0, 0]
[6, 88, 9, 0, 0, 0, 0, 0]
[6, 84, 13, 0, 0, 0, 0, 0]
[6, 83, 14, 0, 0, 0, 0, 0]
[6, 84, 12, 1, 0, 0, 0, 0]
[6, 88, 9, 0, 0, 0, 0, 0]
[6, 87, 9, 1, 0, 0, 0, 0]
[6, 89, 8, 0, 0, 0, 0, 0]
[6, 85, 12, 0, 0, 0, 0, 0]
[6, 81, 16, 0, 0, 0, 0, 0]
[6, 84, 11, 2, 0, 0, 0, 0]
[6, 82, 13, 2, 0, 0, 0, 0]
[6, 87, 8, 2, 0, 0, 0, 0]
[6, 87, 8, 2, 0, 0, 0, 0]
[6, 87, 8, 2, 0, 0, 0, 0]
[6, 85, 11, 1, 0, 0, 0, 0]
[6, 82, 15, 0, 0, 0, 0, 0]
[6, 85, 12, 0, 0, 0, 0, 0]
[6, 83, 14, 0, 0, 0, 0, 0]
[6, 85, 12, 0, 0, 0, 0, 0]
[6, 84, 13, 0, 0, 0, 0, 0]
[6, 86, 10, 1, 0, 0, 0, 0]
[6, 85, 11, 1, 0, 0, 0, 0]
[6, 88, 7, 2, 0, 0, 0, 0]
[6, 89, 7, 1, 0, 0, 0, 0]
[6, 87, 10, 0, 0, 0, 0, 0]
[6, 86, 11, 0, 0, 0, 0, 0]
[6, 89, 8, 0, 0, 0, 0, 0]
[6, 88, 8, 1, 0, 0, 0, 0]
[6, 83, 13, 1, 0, 0, 0, 0]
[6, 80, 16, 1, 0, 0, 0, 0]
[6, 82, 14, 1, 0, 0, 0, 0]
[6, 85, 12, 0, 0, 0, 0, 0]
[6, 83, 14, 0, 0, 0, 0, 0]
[6, 84, 13, 0, 0, 0, 0, 0]
[6, 83, 14, 0, 0, 0, 0, 0]
[6, 85, 12, 0, 0, 0, 0, 0]
[6, 88, 9, 0, 0, 0, 0, 0]
[6, 88, 9, 0, 0, 0, 0, 0]
[6, 89, 7, 1, 0, 0, 0, 0]
[6, 85, 12, 0, 0, 0, 0, 0]
[6, 86, 11, 0, 0, 0, 0, 0]
[6, 90, 7, 0, 0, 0, 0, 0]
[6, 91, 5, 1, 0, 0, 0, 0]
[6, 92, 5, 0, 0, 0, 0, 0]
[6, 93, 3, 1, 0, 0, 0, 0]
[6, 89, 8, 0, 0, 0, 0, 0]
[6, 82, 15, 0, 0, 0, 0, 0]
[6, 78, 18, 1, 0, 0, 0, 0]
[6, 80, 16, 1, 0, 0, 0, 0]
[6, 84, 11, 2, 0, 0, 0, 0]
[6, 87, 9, 1, 0, 0, 0, 0]
[6, 81, 15, 1, 0, 0, 0, 0]
[6, 78, 18, 1, 0, 0, 0, 0]
[6, 81, 15, 1, 0, 0, 0, 0]
[6, 86, 10, 1, 0, 0, 0, 0]
[6, 84, 12, 1, 0, 0, 0, 0]
[6, 88, 7, 2, 0, 0, 0, 0]
[6, 83, 13, 1, 0, 0, 0, 0]
[6, 89, 7, 1, 0, 0, 0, 0]
[6, 79, 17, 1, 0, 0, 0, 0]
[6, 85, 11, 1, 0, 0, 0, 0]
[6, 85, 11, 1, 0, 0, 0, 0]
[6, 85, 12, 0, 0, 0, 0, 0]
[6, 85, 12, 0, 0, 0, 0, 0]
[6, 83, 14, 0, 0, 0, 0, 0]
[6, 87, 10, 0, 0, 0, 0, 0]
[6, 89, 8, 0, 0, 0, 0, 0]
[6, 88, 9, 0, 0, 0, 0, 0]
[6, 86, 10, 1, 0, 0, 0, 0]
[6, 82, 14, 1, 0, 0, 0, 0]
[6, 82, 15, 0, 0, 0, 0, 0]
[6, 78, 19, 0, 0, 0, 0, 0]
[6, 81, 16, 0, 0, 0, 0, 0]
[6, 87, 9, 1, 0, 0, 0, 0]
[6, 88, 9, 0, 0, 0, 0, 0]
[6, 89, 7, 1, 0, 0, 0, 0]
[6, 90, 7, 0, 0, 0, 0, 0]
[6, 86, 10, 1, 0, 0, 0, 0]
[6, 86, 10, 1, 0, 0, 0, 0]
[6, 86, 10, 1, 0, 0, 0, 0]
[6, 86, 9, 2, 0, 0, 0, 0]
[6, 88, 8, 1, 0, 0, 0, 0]
[6, 87, 9, 1, 0, 0, 0, 0]
[6, 86, 9, 2, 0, 0, 0, 0]
[6, 81, 13, 3, 0, 0, 0, 0]
[6, 90, 7, 0, 0, 0, 0, 0]
[6, 86, 11, 0, 0, 0, 0, 0]
[6, 88, 9, 0, 0, 0, 0, 0]
[6, 91, 5, 1, 0, 0, 0, 0]
[6, 90, 7, 0, 0, 0, 0, 0]
[6, 86, 11, 0, 0, 0, 0, 0]
[6, 82, 15, 0, 0, 0, 0, 0]
[6, 85, 12, 0, 0, 0, 0, 0]
[6, 85, 11, 1, 0, 0, 0, 0]
[6, 92, 5, 0, 0, 0, 0, 0]
[6, 88, 9, 0, 0, 0, 0, 0]
[6, 87, 10, 0, 0, 0, 0, 0]
[6, 89, 8, 0, 0, 0, 0, 0]
[6, 85, 12, 0, 0, 0, 0, 0]
[6, 90, 6, 1, 0, 0, 0, 0]
[6, 83, 13, 1, 0, 0, 0, 0]
[6, 86, 10, 1, 0, 0, 0, 0]
[6, 89, 7, 1, 0, 0, 0, 0]
[6, 86, 10, 1, 0, 0, 0, 0]
[6, 87, 10, 0, 0, 0, 0, 0]
[6, 85, 12, 0, 0, 0, 0, 0]
[6, 89, 7, 1, 0, 0, 0, 0]
[6, 83, 13, 1, 0, 0, 0, 0]
[6, 78, 17, 2, 0, 0, 0, 0]
[6, 83, 12, 2, 0, 0, 0, 0]
[6, 82, 14, 1, 0, 0, 0, 0]
[6, 83, 14, 0, 0, 0, 0, 0]
[6, 82, 15, 0, 0, 0, 0, 0]
[6, 85, 11, 1, 0, 0, 0, 0]
[6, 83, 13, 1, 0, 0, 0, 0]
[6, 86, 10, 1, 0, 0, 0, 0]
[6, 85, 12, 0, 0, 0, 0, 0]
[6, 88, 9, 0, 0, 0, 0, 0]
[6, 88, 8, 1, 0, 0, 0, 0]
[6, 83, 14, 0, 0, 0, 0, 0]
[6, 86, 11, 0, 0, 0, 0, 0]
[6, 83, 14, 0, 0, 0, 0, 0]
[6, 84, 13, 0, 0, 0, 0, 0]
[6, 84, 13, 0, 0, 0, 0, 0]
[6, 84, 13, 0, 0, 0, 0, 0]
[6, 84, 12, 1, 0, 0, 0, 0]
[6, 84, 11, 2, 0, 0, 0, 0]
[6, 83, 12, 2, 0, 0, 0, 0]
[6, 88, 9, 0, 0, 0, 0, 0]
[6, 85, 12, 0, 0, 0, 0, 0]
[6, 86, 11, 0, 0, 0, 0, 0]
[6, 82, 15, 0, 0, 0, 0, 0]
[6, 86, 11, 0, 0, 0, 0, 0]
[6, 83, 14, 0, 0, 0, 0, 0]
[6, 86, 11, 0, 0, 0, 0, 0]
[6, 90, 7, 0, 0, 0, 0, 0]
[6, 89, 8, 0, 0, 0, 0, 0]
[6, 86, 10, 1, 0, 0, 0, 0]
[6, 85, 12, 0, 0, 0, 0, 0]
[6, 88, 9, 0, 0, 0, 0, 0]
[6, 86, 11, 0, 0, 0, 0, 0]
[6, 85, 12, 0, 0, 0, 0, 0]
[6, 85, 12, 0, 0, 0, 0, 0]
[6, 86, 9, 2, 0, 0, 0, 0]
[6, 89, 8, 0, 0, 0, 0, 0]
[6, 88, 9, 0, 0, 0, 0, 0]
[6, 89, 7, 1, 0, 0, 0, 0]
[6, 87, 8, 2, 0, 0, 0, 0]
[6, 84, 12, 1, 0, 0, 0, 0]
[6, 85, 11, 1, 0, 0, 0, 0]
[6, 84, 12, 1, 0, 0, 0, 0]
[6, 85, 12, 0, 0, 0, 0, 0]
[6, 88, 9, 0, 0, 0, 0, 0]
[6, 83, 14, 0, 0, 0, 0, 0]
[6, 86, 8, 3, 0, 0, 0, 0]
[6, 82, 13, 2, 0, 0, 0, 0]
[6, 83, 13, 1, 0, 0, 0, 0]
[6, 85, 12, 0, 0, 0, 0, 0]
[6, 83, 13, 1, 0, 0, 0, 0]
[6, 85, 12, 0, 0, 0, 0, 0]
[6, 89, 8, 0, 0, 0, 0, 0]
[6, 88, 9, 0, 0, 0, 0, 0]
[6, 91, 6, 0, 0, 0, 0, 0]
[6, 90, 7, 0, 0, 0, 0, 0]
[6, 92, 5, 0, 0, 0, 0, 0]
[6, 88, 8, 1, 0, 0, 0, 0]
[6, 88, 8, 1, 0, 0, 0, 0]
[6, 84, 12, 1, 0, 0, 0, 0]
[6, 92, 5, 0, 0, 0, 0, 0]
[6, 87, 10, 0, 0, 0, 0, 0]
[6, 85, 12, 0, 0, 0, 0, 0]
[6, 85, 12, 0, 0, 0, 0, 0]
[6, 87, 10, 0, 0, 0, 0, 0]
[6, 81, 16, 0, 0, 0, 0, 0]
[6, 82, 15, 0, 0, 0, 0, 0]
[6, 84, 13, 0, 0, 0, 0, 0]
[6, 79, 18, 0, 0, 0, 0, 0]
[6, 89, 8, 0, 0, 0, 0, 0]
[6, 86, 11, 0, 0, 0, 0, 0]
[6, 86, 11, 0, 0, 0, 0, 0]
[6, 82, 15, 0, 0, 0, 0, 0]
[6, 87, 8, 2, 0, 0, 0, 0]
[6, 86, 8, 3, 0, 0, 0, 0]
[6, 89, 6, 2, 0, 0, 0, 0]
[6, 87, 10, 0, 0, 0, 0, 0]
[6, 81, 16, 0, 0, 0, 0, 0]
[6, 85, 12, 0, 0, 0, 0, 0]
[6, 86, 10, 1, 0, 0, 0, 0]
[6, 88, 8, 1, 0, 0, 0, 0]
[6, 88, 9, 0, 0, 0, 0, 0]
[6, 88, 8, 1, 0, 0, 0, 0]
[6, 88, 9, 0, 0, 0, 0, 0]
[6, 85, 12, 0, 0, 0, 0, 0]
[6, 88, 9, 0, 0, 0, 0, 0]
[6, 89, 7, 1, 0, 0, 0, 0]
[6, 90, 6, 1, 0, 0, 0, 0]
[6, 89, 7, 1, 0, 0, 0, 0]
[6, 88, 9, 0, 0, 0, 0, 0]
[6, 83, 14, 0, 0, 0, 0, 0]
[6, 85, 12, 0, 0, 0, 0, 0]
[6, 84, 13, 0, 0, 0, 0, 0]
[6, 82, 14, 1, 0, 0, 0, 0]
[6, 82, 14, 1, 0, 0, 0, 0]
[6, 83, 12, 2, 0, 0, 0, 0]
[6, 83, 13, 1, 0, 0, 0, 0]
[6, 82, 14, 1, 0, 0, 0, 0]
[6, 84, 13, 0, 0, 0, 0, 0]
[6, 87, 10, 0, 0, 0, 0, 0]
[6, 87, 9, 1, 0, 0, 0, 0]
[6, 84, 13, 0, 0, 0, 0, 0]
[6, 89, 8, 0, 0, 0, 0, 0]
[6, 84, 12, 1, 0, 0, 0, 0]
[6, 85, 11, 1, 0, 0, 0, 0]
[6, 82, 14, 1, 0, 0, 0, 0]
[6, 87, 10, 0, 0, 0, 0, 0]
[6, 84, 13, 0, 0, 0, 0, 0]
[6, 81, 16, 0, 0, 0, 0, 0]
[6, 87, 10, 0, 0, 0, 0, 0]
[6, 82, 14, 1, 0, 0, 0, 0]
[6, 84, 12, 1, 0, 0, 0, 0]
[15, 39542, 14, 1, 0, 0, 0, 0]
[15, 39142, 415, 0, 0, 0, 0, 0]
[15, 37922, 1634, 1, 0, 0, 0, 0]
[15, 36720, 2828, 9, 0, 0, 0, 0]
[15, 35798, 3722, 37, 0, 0, 0, 0]
[15, 35230, 4259, 68, 0, 0, 0, 0]
[15, 34946, 4489, 122, 0, 0, 0, 0]
[15, 34771, 4624, 162, 0, 0, 0, 0]
[15, 34634, 4711, 212, 0, 0, 0, 0]
[15, 34646, 4661, 250, 0, 0, 0, 0]
[15, 34634, 4667, 256, 0, 0, 0, 0]
[15, 34625, 4638, 294, 0, 0, 0, 0]
[15, 34541, 4723, 292, 1, 0, 0, 0]
[15, 34600, 4651, 305, 1, 0, 0, 0]
[15, 34536, 4709, 312, 0, 0, 0, 0]
[15, 34509, 4732, 316, 0, 0, 0, 0]
[15, 34467, 4764, 326, 0, 0, 0, 0]
[15, 34468, 4764, 325, 0, 0, 0, 0]
[15, 34563, 4682, 312, 0, 0, 0, 0]
[15, 34671, 4600, 286, 0, 0, 0, 0]
[15, 34705, 4553, 299, 0, 0, 0, 0]
[15, 34655, 4584, 316, 2, 0, 0, 0]
[15, 34674, 4543, 338, 2, 0, 0, 0]
[15, 34609, 4627, 318, 3, 0, 0, 0]
[15, 34721, 4530, 304, 2, 0, 0, 0]
[15, 34762, 4483, 310, 2, 0, 0, 0]
[15, 34668, 4592, 294, 3, 0, 0, 0]
[15, 34560, 4703, 291, 3, 0, 0, 0]
[15, 34559, 4684, 311, 3, 0, 0, 0]
[15, 34611, 4660, 284, 2, 0, 0, 0]
[15, 34703, 4566, 287, 1, 0, 0, 0]
[15, 34766, 4502, 288, 1, 0, 0, 0]
[15, 34691, 4578, 285, 3, 0, 0, 0]
[15, 34649, 4610, 294, 4, 0, 0, 0]
[15, 34631, 4639, 285, 2, 0, 0, 0]
[15, 34653, 4589, 313, 2, 0, 0, 0]
[15, 34611, 4633, 311, 2, 0, 0, 0]
[15, 34620, 4629, 305, 3, 0, 0, 0]
[15, 34617, 4604, 333, 3, 0, 0, 0]
[15, 34549, 4685, 320, 3, 0, 0, 0]
[15, 34499, 4747, 308, 3, 0, 0, 0]
[15, 34585, 4648, 319, 5, 0, 0, 0]
[15, 34542, 4697, 315, 3, 0, 0, 0]
[15, 34595, 4655, 304, 3, 0, 0, 0]
[15, 34637, 4611, 306, 3, 0, 0, 0]
[15, 34617, 4620, 317, 3, 0, 0, 0]
[15, 34675, 4585, 293, 4, 0, 0, 0]
[15, 34622, 4627, 304, 4, 0, 0, 0]
[15, 34684, 4575, 292, 6, 0, 0, 0]
[15, 34622, 4644, 287, 4, 0, 0, 0]
[15, 34738, 4521, 294, 4, 0, 0, 0]
[15, 34716, 4548, 290, 3, 0, 0, 0]
[15, 34732, 4514, 308, 3, 0, 0, 0]
[15, 34632, 4613, 308, 4, 0, 0, 0]
[15, 34695, 4558, 302, 2, 0, 0, 0]
[15, 34639, 4628, 289, 1, 0, 0, 0]
[15, 34612, 4643, 300, 2, 0, 0, 0]
[15, 34606, 4629, 320, 2, 0, 0, 0]
[15, 34552, 4677, 326, 2, 0, 0, 0]
[15, 34622, 4610, 323, 2, 0, 0, 0]
[15, 34618, 4604, 334, 1, 0, 0, 0]
[15, 34616, 4628, 313, 0, 0, 0, 0]
[15, 34574, 4676, 306, 1, 0, 0, 0]
[15, 34652, 4613, 291, 1, 0, 0, 0]
[15, 34533, 4725, 298, 1, 0, 0, 0]
[15, 34561, 4676, 318, 2, 0, 0, 0]
[15, 34561, 4643, 351, 2, 0, 0, 0]
[15, 34581, 4635, 339, 2, 0, 0, 0]
[15, 34588, 4614, 352, 3, 0, 0, 0]
[15, 34500, 4726, 329, 2, 0, 0, 0]
[15, 34481, 4749, 326, 1, 0, 0, 0]
[15, 34549, 4700, 308, 0, 0, 0, 0]
[15, 34594, 4669, 292, 2, 0, 0, 0]
[15, 34634, 4619, 301, 3, 0, 0, 0]
[15, 34724, 4500, 330, 3, 0, 0, 0]
[15, 34684, 4552, 318, 3, 0, 0, 0]
[15, 34600, 4657, 298, 2, 0, 0, 0]
[15, 34647, 4609, 300, 1, 0, 0, 0]
[15, 34658, 4595, 304, 0, 0, 0, 0]
[15, 34740, 4507, 310, 0, 0, 0, 0]
[15, 34652, 4613, 292, 0, 0, 0, 0]
[15, 34577, 4691, 287, 2, 0, 0, 0]
[15, 34686, 4573, 296, 2, 0, 0, 0]
[15, 34708, 4554, 293, 2, 0, 0, 0]
[15, 34655, 4618, 284, 0, 0, 0, 0]
[15, 34617, 4667, 273, 0, 0, 0, 0]
[15, 34571, 4685, 301, 0, 0, 0, 0]
[15, 34561, 4700, 296, 0, 0, 0, 0]
[15, 34500, 4723, 334, 0, 0, 0, 0]
[15, 34646, 4598, 313, 0, 0, 0, 0]
[15, 34660, 4581, 316, 0, 0, 0, 0]
[15, 34721, 4507, 329, 0, 0, 0, 0]
[15, 34644, 4589, 324, 0, 0, 0, 0]
[15, 34563, 4672, 322, 0, 0, 0, 0]
[15, 34633, 4576, 347, 1, 0, 0, 0]
[15, 34644, 4578, 335, 0, 0, 0, 0]
[15, 34642, 4593, 321, 1, 0, 0, 0]
[15, 34641, 4619, 297, 0, 0, 0, 0]
[15, 34722, 4542, 292, 1, 0, 0, 0]
[15, 34686, 4588, 283, 0, 0, 0, 0]
[15, 34670, 4567, 320, 0, 0, 0, 0]
[15, 34659, 4580, 315, 3, 0, 0, 0]
[15, 34640, 4603, 312, 2, 0, 0, 0]
[15, 34666, 4580, 310, 1, 0, 0, 0]
[15, 34635, 4616, 305, 1, 0, 0, 0]
[15, 34550, 4727, 279, 1, 0, 0, 0]
[15, 34532, 4739, 285, 1, 0, 0, 0]
[15, 34490, 4785, 281, 1, 0, 0, 0]
[15, 34476, 4791, 289, 1, 0, 0, 0]
[15, 34541, 4711, 303, 2, 0, 0, 0]
[15, 34610, 4628, 318, 1, 0, 0, 0]
[15, 34601, 4644, 310, 2, 0, 0, 0]
[15, 34590, 4680, 285, 2, 0, 0, 0]
[15, 34646, 4597, 311, 3, 0, 0, 0]
[15, 34720, 4541, 294, 2, 0, 0, 0]
[15, 34671, 4592, 293, 1, 0, 0, 0]
[15, 34649, 4617, 290, 1, 0, 0, 0]
[15, 34637, 4624, 295, 1, 0, 0, 0]
[15, 34684, 4579, 294, 0, 0, 0, 0]
[15, 34622, 4627, 308, 0, 0, 0, 0]
[15, 34608, 4646, 303, 0, 0, 0, 0]
[15, 34578, 4661, 318, 0, 0, 0, 0]
[15, 34566, 4684, 307, 0, 0, 0, 0]
[15, 34496, 4753, 307, 1, 0, 0, 0]
[15, 34542, 4708, 306, 1, 0, 0, 0]
[15, 34594, 4646, 315, 2, 0, 0, 0]
[15, 34642, 4610, 302, 3, 0, 0, 0]
[15, 34701, 4547, 306, 3, 0, 0, 0]
[15, 34651, 4584, 320, 2, 0, 0, 0]
[15, 34608, 4633, 315, 1, 0, 0, 0]
[15, 34572, 4651, 332, 2, 0, 0, 0]
[15, 34665, 4564, 326, 2, 0, 0, 0]
[15, 34754, 4518, 283, 2, 0, 0, 0]
[15, 34690, 4588, 278, 1, 0, 0, 0]
[15, 34741, 4569, 247, 0, 0, 0, 0]
[15, 34773, 4536, 247, 1, 0, 0, 0]
[15, 34637, 4671, 248, 1, 0, 0, 0]
[15, 34508, 4780, 269, 0, 0, 0, 0]
[15, 34537, 4736, 284, 0, 0, 0, 0]
[15, 34577, 4705, 274, 1, 0, 0, 0]
[15, 34513, 4755, 289, 0, 0, 0, 0]
[15, 34608, 4663, 285, 1, 0, 0, 0]
[15, 34622, 4646, 288, 1, 0, 0, 0]
[15, 34610, 4642, 303, 2, 0, 0, 0]
[15, 34643, 4600, 314, 0, 0, 0, 0]
[15, 34623, 4631, 301, 2, 0, 0, 0]
[15, 34582, 4697, 277, 1, 0, 0, 0]
[15, 34613, 4646, 297, 1, 0, 0, 0]
[15, 34658, 4579, 319, 1, 0, 0, 0]
[15, 34741, 4525, 291, 0, 0, 0, 0]
[15, 34685, 4572, 299, 1, 0, 0, 0]
[15, 34635, 4598, 323, 1, 0, 0, 0]
[15, 34726, 4511, 319, 1, 0, 0, 0]
[15, 34835, 4421, 299, 2, 0, 0, 0]
[15, 34856, 4384, 316, 1, 0, 0, 0]
[15, 34711, 4531, 313, 2, 0, 0, 0]
[15, 34739, 4521, 294, 3, 0, 0, 0]
[15, 34678, 4600, 277, 2, 0, 0, 0]
[15, 34640, 4644, 272, 1, 0, 0, 0]
[15, 34703, 4561, 292, 1, 0, 0, 0]
[15, 34634, 4639, 284, 0, 0, 0, 0]
[15, 34696, 4592, 269, 0, 0, 0, 0]
[15, 34591, 4678, 287, 1, 0, 0, 0]
[15, 34664, 4614, 278, 1, 0, 0, 0]
[15, 34658, 4607, 290, 2, 0, 0, 0]
[15, 34595, 4633, 327, 2, 0, 0, 0]
[15, 34568, 4657, 331, 1, 0, 0, 0]
[15, 34619, 4629, 307, 2, 0, 0, 0]
[15, 34641, 4605, 310, 1, 0, 0, 0]
[15, 34576, 4668, 312, 1, 0, 0, 0]
[15, 34619, 4617, 320, 1, 0, 0, 0]
[15, 34600, 4650, 306, 1, 0, 0, 0]
[15, 34501, 4759, 296, 1, 0, 0, 0]
[15, 34600, 4664, 293, 0, 0, 0, 0]
[15, 34681, 4584, 292, 0, 0, 0, 0]
[15, 34601, 4668, 288, 0, 0, 0, 0]
[15, 34645, 4597, 315, 0, 0, 0, 0]
[15, 34644, 4594, 319, 0, 0, 0, 0]
[15, 34613, 4631, 313, 0, 0, 0, 0]
[15, 34568, 4685, 303, 1, 0, 0, 0]
[15, 34568, 4666, 323, 0, 0, 0, 0]
[15, 34612, 4633, 312, 0, 0, 0, 0]
[15, 34650, 4585, 322, 0, 0, 0, 0]
[15, 34709, 4538, 310, 0, 0, 0, 0]
[15, 34636, 4601, 320, 0, 0, 0, 0]
[15, 34661, 4596, 300, 0, 0, 0, 0]
[15, 34590, 4681, 286, 0, 0, 0, 0]
[15, 34544, 4716, 297, 0, 0, 0, 0]
[15, 34524, 4736, 297, 0, 0, 0, 0]
[15, 34639, 4629, 288, 1, 0, 0, 0]
[15, 34711, 4568, 276, 2, 0, 0, 0]
[15, 34623, 4640, 294, 0, 0, 0, 0]
[15, 34728, 4540, 289, 0, 0, 0, 0]
[15, 34590, 4679, 288, 0, 0, 0, 0]
[15, 34590, 4648, 319, 0, 0, 0, 0]
[15, 34593, 4653, 310, 1, 0, 0, 0]
[15, 34581, 4678, 297, 1, 0, 0, 0]
[15, 34601, 4652, 303, 1, 0, 0, 0]
[15, 34598, 4659, 298, 2, 0, 0, 0]
[15, 34560, 4694, 302, 1, 0, 0, 0]
[15, 34635, 4603, 318, 1, 0, 0, 0]
[15, 34635, 4617, 304, 1, 0, 0, 0]
[15, 34586, 4661, 310, 0, 0, 0, 0]
[15, 34549, 4715, 293, 0, 0, 0, 0]
[15, 34555, 4694, 307, 1, 0, 0, 0]
[15, 34529, 4708, 319, 1, 0, 0, 0]
[15, 34553, 4701, 302, 1, 0, 0, 0]
[15, 34577, 4664, 315, 1, 0, 0, 0]
[15, 34574, 4680, 302, 1, 0, 0, 0]
[15, 34614, 4647, 295, 1, 0, 0, 0]
[15, 34592, 4650, 313, 2, 0, 0, 0]
[15, 34631, 4616, 308, 2, 0, 0, 0]
[15, 34661, 4573, 323, 0, 0, 0, 0]
[15, 34587, 4652, 317, 1, 0, 0, 0]
[15, 34599, 4652, 304, 2, 0, 0, 0]
[15, 34637, 4635, 282, 3, 0, 0, 0]
[15, 34567, 4697, 291, 2, 0, 0, 0]
[15, 34598, 4666, 290, 3, 0, 0, 0]
[15, 34496, 4757, 299, 5, 0, 0, 0]
[15, 34575, 4685, 293, 4, 0, 0, 0]
[15, 34552, 4693, 311, 1, 0, 0, 0]
[15, 34529, 4706, 319, 3, 0, 0, 0]
[15, 34646, 4581, 325, 5, 0, 0, 0]
[15, 34649, 4592, 314, 2, 0, 0, 0]
[15, 34612, 4648, 296, 1, 0, 0, 0]
[15, 34678, 4583, 294, 2, 0, 0, 0]
[15, 34633, 4616, 307, 1, 0, 0, 0]
[15, 34777, 4465, 314, 1, 0, 0, 0]
[15, 34540, 4682, 334, 1, 0, 0, 0]
[15, 34657, 4589, 310, 1, 0, 0, 0]
[15, 34577, 4686, 294, 0, 0, 0, 0]
[15, 34658, 4613, 284, 2, 0, 0, 0]
[15, 34663, 4598, 295, 1, 0, 0, 0]
[15, 34681, 4560, 314, 2, 0, 0, 0]
[15, 34556, 4696, 303, 2, 0, 0, 0]
[15, 34539, 4720, 296, 2, 0, 0, 0]
[15, 34619, 4629, 307, 2, 0, 0, 0]
[15, 34560, 4671, 323, 3, 0, 0, 0]
[15, 34563, 4674, 318, 2, 0, 0, 0]
[15, 34505, 4713, 337, 2, 0, 0, 0]
[15, 34559, 4664, 332, 2, 0, 0, 0]
[15, 34609, 4625, 320, 3, 0, 0, 0]
[15, 34683, 4539, 333, 2, 0, 0, 0]
[15, 34704, 4539, 312, 2, 0, 0, 0]
[15, 34733, 4498, 322, 4, 0, 0, 0]
[15, 34718, 4520, 315, 4, 0, 0, 0]
[15, 34655, 4613, 285, 4, 0, 0, 0]
[15, 34644, 4636, 274, 3, 0, 0, 0]
[15, 34619, 4653, 283, 2, 0, 0, 0]
[15, 34678, 4574, 304, 1, 0, 0, 0]
[15, 34712, 4534, 310, 1, 0, 0, 0]
[15, 34651, 4622, 282, 2, 0, 0, 0]
[15, 34693, 4565, 296, 3, 0, 0, 0]
[15, 34619, 4639, 297, 2, 0, 0, 0]
[15, 34642, 4611, 302, 2, 0, 0, 0]
[15, 34678, 4575, 302, 2, 0, 0, 0]
[15, 34633, 4615, 305, 4, 0, 0, 0]
[15, 34665, 4589, 300, 3, 0, 0, 0]
[15, 34763, 4520, 272, 2, 0, 0, 0]
[15, 34668, 4609, 280, 0, 0, 0, 0]
[15, 34709, 4570, 278, 0, 0, 0, 0]
[15, 34640, 4621, 296, 0, 0, 0, 0]
[15, 34543, 4707, 306, 1, 0, 0, 0]
[15, 34505, 4761, 289, 2, 0, 0, 0]
[15, 34584, 4647, 323, 3, 0, 0, 0]
[15, 34670, 4587, 297, 3, 0, 0, 0]
[15, 34738, 4510, 306, 3, 0, 0, 0]
[15, 34728, 4520, 306, 3, 0, 0, 0]
[15, 34658, 4598, 298, 3, 0, 0, 0]
[15, 34619, 4619, 318, 1, 0, 0, 0]
[15, 34664, 4586, 306, 1, 0, 0, 0]
[15, 34601, 4632, 324, 0, 0, 0, 0]
[15, 34605, 4621, 331, 0, 0, 0, 0]
[15, 34573, 4681, 303, 0, 0, 0, 0]
[15, 34559, 4697, 301, 0, 0, 0, 0]
[15, 34572, 4667, 318, 0, 0, 0, 0]
[15, 34555, 4672, 330, 0, 0, 0, 0]
[15, 34687, 4543, 327, 0, 0, 0, 0]
[15, 34680, 4573, 303, 1, 0, 0, 0]
[15, 34670, 4593, 294, 0, 0, 0, 0]
[15, 34688, 4578, 290, 1, 0, 0, 0]
[15, 34668, 4595, 293, 1, 0, 0, 0]
[15, 34626, 4635, 295, 1, 0, 0, 0]
[15, 34567, 4699, 291, 0, 0, 0, 0]
[15, 34581, 4662, 314, 0, 0, 0, 0]
[15, 34570, 4663, 324, 0, 0, 0, 0]
[15, 34587, 4667, 303, 0, 0, 0, 0]
[15, 34630, 4614, 313, 0, 0, 0, 0]
[15, 34647, 4601, 308, 1, 0, 0, 0]
[15, 34617, 4647, 292, 1, 0, 0, 0]
[15, 34676, 4587, 294, 0, 0, 0, 0]
[15, 34627, 4633, 296, 1, 0, 0, 0]
[15, 34570, 4669, 315, 3, 0, 0, 0]
[15, 34448, 4799, 307, 3, 0, 0, 0]
[15, 34454, 4810, 290, 3, 0, 0, 0]
[15, 34547, 4703, 303, 4, 0, 0, 0]
[15, 34539, 4696, 320, 2, 0, 0, 0]
[15, 34609, 4607, 339, 2, 0, 0, 0]
[15, 34633, 4620, 303, 1, 0, 0, 0]
[15, 34553, 4698, 306, 0, 0, 0, 0]
[15, 34587, 4671, 299, 0, 0, 0, 0]
[15, 34549, 4696, 312, 0, 0, 0, 0]
[15, 34620, 4635, 301, 1, 0, 0, 0]
[15, 34759, 4487, 309, 2, 0, 0, 0]
[15, 34721, 4516, 318, 2, 0, 0, 0]
[15, 34739, 4493, 324, 1, 0, 0, 0]
[15, 34664, 4575, 316, 2, 0, 0, 0]
[15, 34645, 4616, 295, 1, 0, 0, 0]
[15, 34753, 4530, 273, 1, 0, 0, 0]
[15, 34682, 4607, 267, 1, 0, 0, 0]
[15, 34637, 4645, 274, 1, 0, 0, 0]
[15, 34625, 4630, 301, 1, 0, 0, 0]
[15, 34632, 4599, 324, 2, 0, 0, 0]
[15, 34561, 4665, 330, 1, 0, 0, 0]
[15, 34538, 4687, 330, 2, 0, 0, 0]
[15, 34659, 4563, 334, 1, 0, 0, 0]
[15, 34575, 4669, 312, 1, 0, 0, 0]
[15, 34599, 4656, 301, 1, 0, 0, 0]
[15, 34601, 4669, 286, 1, 0, 0, 0]
[15, 34590, 4689, 277, 1, 0, 0, 0]
[15, 34717, 4547, 291, 2, 0, 0, 0]
[15, 34693, 4555, 308, 1, 0, 0, 0]
[15, 34648, 4601, 307, 1, 0, 0, 0]
[15, 34635, 4620, 300, 2, 0, 0, 0]
[15, 34608, 4620, 328, 1, 0, 0, 0]
[15, 34645, 4593, 319, 0, 0, 0, 0]
[15, 34646, 4582, 329, 0, 0, 0, 0]
[15, 34594, 4624, 339, 0, 0, 0, 0]
[15, 34634, 4597, 324, 2, 0, 0, 0]
[15, 34532, 4704, 321, 0, 0, 0, 0]
[15, 34596, 4652, 308, 1, 0, 0, 0]
[15, 34634, 4627, 296, 0, 0, 0, 0]
[15, 34619, 4641, 297, 0, 0, 0, 0]
[15, 34699, 4556, 301, 1, 0, 0, 0]
[15, 34656, 4615, 284, 2, 0, 0, 0]
[15, 34606, 4666, 284, 1, 0, 0, 0]
[15, 34627, 4638, 291, 1, 0, 0, 0]
[15, 34649, 4636, 271, 1, 0, 0, 0]
[15, 34640, 4629, 288, 0, 0, 0, 0]
[15, 34565, 4692, 298, 2, 0, 0, 0]
[15, 34521, 4722, 310, 4, 0, 0, 0]
[15, 34622, 4633, 298, 4, 0, 0, 0]
[15, 34497, 4729, 328, 3, 0, 0, 0]
[15, 34531, 4687, 338, 1, 0, 0, 0]
[15, 34518, 4713, 325, 1, 0, 0, 0]
[15, 34514, 4747, 294, 2, 0, 0, 0]
[15, 34560, 4689, 305, 3, 0, 0, 0]
[15, 34603, 4650, 299, 5, 0, 0, 0]
[15, 34606, 4640, 305, 6, 0, 0, 0]
[15, 34560, 4684, 308, 5, 0, 0, 0]
[15, 34508, 4748, 299, 2, 0, 0, 0]
[15, 34495, 4729, 331, 2, 0, 0, 0]
[15, 34494, 4737, 325, 1, 0, 0, 0]
[15, 34505, 4722, 330, 0, 0, 0, 0]
[15, 34576, 4649, 332, 0, 0, 0, 0]
[15, 34510, 4730, 317, 0, 0, 0, 0]
[15, 34567, 4653, 336, 1, 0, 0, 0]
[15, 34627, 4592, 337, 1, 0, 0, 0]
[15, 34579, 4667, 310, 1, 0, 0, 0]
[15, 34544, 4698, 313, 2, 0, 0, 0]
[15, 34523, 4703, 328, 3, 0, 0, 0]
[15, 34562, 4660, 333, 2, 0, 0, 0]
[15, 34538, 4685, 331, 3, 0, 0, 0]
[15, 34647, 4598, 312, 0, 0, 0, 0]
[15, 34633, 4621, 303, 0, 0, 0, 0]
[15, 34608, 4646, 303, 0, 0, 0, 0]
[15, 34550, 4679, 328, 0, 0, 0, 0]
[15, 34575, 4649, 332, 1, 0, 0, 0]
[15, 34566, 4675, 315, 1, 0, 0, 0]
[15, 34498, 4724, 334, 1, 0, 0, 0]
[15, 34526, 4728, 303, 0, 0, 0, 0]
[15, 34516, 4700, 339, 2, 0, 0, 0]
[15, 34538, 4670, 347, 2, 0, 0, 0]
[15, 34629, 4585, 342, 1, 0, 0, 0]
[15, 34755, 4490, 311, 1, 0, 0, 0]
[15, 34668, 4584, 305, 0, 0, 0, 0]
[15, 34619, 4639, 299, 0, 0, 0, 0]
[15, 34663, 4588, 306, 0, 0, 0, 0]
[15, 34686, 4544, 327, 0, 0, 0, 0]
[15, 34587, 4633, 337, 0, 0, 0, 0]
[15, 34459, 4735, 362, 1, 0, 0, 0]
[15, 34553, 4681, 322, 1, 0, 0, 0]
[15, 34550, 4677, 327, 3, 0, 0, 0]
[15, 34644, 4604, 305, 4, 0, 0, 0]
[15, 34676, 4577, 299, 5, 0, 0, 0]
[15, 34622, 4635, 294, 6, 0, 0, 0]
[15, 34554, 4681, 320, 2, 0, 0, 0]
[15, 34666, 4570, 318, 3, 0, 0, 0]
[15, 34626, 4602, 329, 0, 0, 0, 0]
[15, 34608, 4630, 319, 0, 0, 0, 0]
[15, 34667, 4587, 303, 0, 0, 0, 0]
[15, 34652, 4589, 315, 1, 0, 0, 0]
[15, 34601, 4636, 318, 2, 0, 0, 0]
[15, 34686, 4563, 306, 2, 0, 0, 0]
[15, 34628, 4634, 294, 1, 0, 0, 0]
[15, 34685, 4578, 292, 2, 0, 0, 0]
[15, 34630, 4620, 305, 2, 0, 0, 0]
[15, 34581, 4688, 284, 4, 0, 0, 0]
[15, 34667, 4589, 297, 4, 0, 0, 0]
[15, 34637, 4618, 297, 5, 0, 0, 0]
[15, 34627, 4630, 297, 3, 0, 0, 0]
[15, 34595, 4660, 300, 2, 0, 0, 0]
[15, 34594, 4674, 285, 4, 0, 0, 0]
[15, 34670, 4602, 283, 2, 0, 0, 0]
[15, 34689, 4579, 287, 2, 0, 0, 0]
[15, 34568, 4706, 281, 2, 0, 0, 0]
[15, 34637, 4642, 278, 0, 0, 0, 0]
[15, 34642, 4624, 291, 0, 0, 0, 0]
[15, 34525, 4714, 317, 1, 0, 0, 0]
[15, 34616, 4613, 327, 1, 0, 0, 0]
[15, 34623, 4575, 358, 1, 0, 0, 0]
[15, 34673, 4546, 338, 0, 0, 0, 0]
[15, 34649, 4594, 313, 1, 0, 0, 0]
[15, 34570, 4659, 327, 1, 0, 0, 0]
[15, 34630, 4623, 302, 2, 0, 0, 0]
[15, 34592, 4639, 323, 3, 0, 0, 0]
[15, 34530, 4699, 325, 3, 0, 0, 0]
[15, 34591, 4655, 309, 2, 0, 0, 0]
[15, 34641, 4614, 302, 0, 0, 0, 0]
[15, 34614, 4648, 294, 1, 0, 0, 0]
[15, 34700, 4539, 316, 2, 0, 0, 0]
[15, 34672, 4590, 293, 2, 0, 0, 0]
[15, 34650, 4616, 290, 1, 0, 0, 0]
[15, 34641, 4618, 296, 2, 0, 0, 0]
[15, 34538, 4708, 309, 2, 0, 0, 0]
[15, 34572, 4676, 308, 1, 0, 0, 0]
[15, 34617, 4619, 319, 2, 0, 0, 0]
[15, 34651, 4596, 308, 2, 0, 0, 0]
[15, 34609, 4631, 314, 3, 0, 0, 0]
[15, 34682, 4577, 297, 1, 0, 0, 0]
[15, 34658, 4605, 293, 1, 0, 0, 0]
[15, 34666, 4618, 272, 1, 0, 0, 0]
[15, 34615, 4645, 297, 0, 0, 0, 0]
[15, 34581, 4669, 307, 0, 0, 0, 0]
[15, 34612, 4646, 299, 0, 0, 0, 0]
[15, 34653, 4601, 303, 0, 0, 0, 0]
[15, 34661, 4569, 327, 0, 0, 0, 0]
[15, 34677, 4554, 326, 0, 0, 0, 0]
[15, 34741, 4495, 320, 1, 0, 0, 0]
[15, 34724, 4511, 319, 3, 0, 0, 0]
[15, 34597, 4645, 312, 3, 0, 0, 0]
[15, 34599, 4643, 312, 3, 0, 0, 0]
[15, 34535, 4728, 293, 1, 0, 0, 0]
[15, 34522, 4724, 310, 1, 0, 0, 0]
[15, 34486, 4751, 319, 1, 0, 0, 0]
[15, 34515, 4742, 299, 1, 0, 0, 0]
[15, 34614, 4597, 346, 0, 0, 0, 0]
[15, 34720, 4520, 315, 2, 0, 0, 0]
[15, 34765, 4461, 329, 2, 0, 0, 0]
[15, 34661, 4575, 321, 0, 0, 0, 0]
[15, 34698, 4530, 329, 0, 0, 0, 0]
[15, 34583, 4653, 321, 0, 0, 0, 0]
[15, 34731, 4490, 336, 0, 0, 0, 0]
[15, 34691, 4531, 334, 1, 0, 0, 0]
[15, 34788, 4482, 286, 1, 0, 0, 0]
[15, 34665, 4591, 298, 3, 0, 0, 0]
[15, 34593, 4683, 280, 1, 0, 0, 0]
[15, 34635, 4621, 300, 1, 0, 0, 0]
[15, 34595, 4658, 302, 2, 0, 0, 0]
[15, 34528, 4750, 278, 1, 0, 0, 0]
[15, 34560, 4710, 287, 0, 0, 0, 0]
[15, 34533, 4726, 298, 0, 0, 0, 0]
[15, 34540, 4697, 320, 0, 0, 0, 0]
[15, 34632, 4608, 317, 0, 0, 0, 0]
[15, 34586, 4639, 332, 0, 0, 0, 0]
[15, 34592, 4639, 326, 0, 0, 0, 0]
[15, 34666, 4603, 288, 0, 0, 0, 0]
[15, 34568, 4701, 288, 0, 0, 0, 0]
[15, 34661, 4603, 293, 0, 0, 0, 0]
[15, 34585, 4674, 297, 1, 0, 0, 0]
[15, 34554, 4688, 315, 0, 0, 0, 0]
[15, 34578, 4672, 306, 1, 0, 0, 0]
[15, 34663, 4568, 325, 1, 0, 0, 0]
[15, 34624, 4646, 286, 1, 0, 0, 0]
[15, 34622, 4638, 297, 0, 0, 0, 0]
[15, 34642, 4612, 302, 1, 0, 0, 0]
[15, 34653, 4600, 303, 1, 0, 0, 0]
[15, 34673, 4592, 291, 1, 0, 0, 0]
[15, 34676, 4584, 297, 0, 0, 0, 0]
[15, 34759, 4516, 282, 0, 0, 0, 0]
[15, 34730, 4551, 276, 0, 0, 0, 0]
[15, 34699, 4562, 296, 0, 0, 0, 0]
[15, 34608, 4660, 288, 1, 0, 0, 0]
[15, 34663, 4590, 304, 0, 0, 0, 0]
[15, 34703, 4535, 319, 0, 0, 0, 0]
[15, 34697, 4551, 309, 0, 0, 0, 0]
[15, 34581, 4681, 294, 1, 0, 0, 0]
[15, 34533, 4718, 305, 1, 0, 0, 0]
[15, 34521, 4738, 298, 0, 0, 0, 0]
[15, 34429, 4836, 292, 0, 0, 0, 0]
[15, 34477, 4788, 290, 2, 0, 0, 0]
[15, 34535, 4704, 316, 2, 0, 0, 0]
[15, 34574, 4674, 307, 2, 0, 0, 0]
[15, 34558, 4698, 299, 2, 0, 0, 0]
[15, 34564, 4711, 280, 2, 0, 0, 0]
[15, 34599, 4635, 322, 1, 0, 0, 0]
[15, 34636, 4580, 340, 1, 0, 0, 0]
[15, 34656, 4606, 294, 1, 0, 0, 0]
[15, 34629, 4624, 304, 0, 0, 0, 0]
[15, 34697, 4543, 315, 2, 0, 0, 0]
[15, 34599, 4647, 310, 1, 0, 0, 0]
[15, 34607, 4645, 304, 1, 0, 0, 0]
[15, 34705, 4528, 324, 0, 0, 0, 0]
[15, 34609, 4638, 310, 0, 0, 0, 0]
[15, 34709, 4531, 317, 0, 0, 0, 0]
[15, 34663, 4603, 290, 1, 0, 0, 0]
[15, 34647, 4605, 304, 1, 0, 0, 0]
[15, 34620, 4627, 310, 0, 0, 0, 0]
[15, 34636, 4604, 317, 0, 0, 0, 0]
[15, 34549, 4692, 316, 0, 0, 0, 0]
[15, 34635, 4609, 312, 1, 0, 0, 0]
[15, 34555, 4696, 305, 1, 0, 0, 0]
[15, 34442, 4800, 315, 0, 0, 0, 0]
[15, 34656, 4588, 313, 0, 0, 0, 0]
[15, 34554, 4670, 333, 0, 0, 0, 0]
[15, 34586, 4643, 328, 0, 0, 0, 0]
[15, 34561, 4665, 331, 0, 0, 0, 0]
[15, 34590, 4642, 324, 1, 0, 0, 0]
[15, 34622, 4591, 343, 1, 0, 0, 0]
[15, 34526, 4687, 343, 1, 0, 0, 0]
[15, 34560, 4666, 331, 0, 0, 0, 0]
[15, 34703, 4539, 314, 1, 0, 0, 0]
[15, 34642, 4602, 313, 0, 0, 0, 0]
[15, 34692, 4555, 308, 2, 0, 0, 0]
[15, 34575, 4655, 327, 0, 0, 0, 0]
[15, 34671, 4575, 310, 1, 0, 0, 0]
[15, 34638, 4616, 303, 0, 0, 0, 0]
[15, 34632, 4600, 323, 2, 0, 0, 0]
[15, 34706, 4518, 332, 1, 0, 0, 0]
[15, 34680, 4528, 349, 0, 0, 0, 0]
[15, 34553, 4684, 320, 0, 0, 0, 0]
[15, 34539, 4700, 317, 1, 0, 0, 0]
[15, 34590, 4672, 293, 2, 0, 0, 0]
[15, 34653, 4585, 317, 2, 0, 0, 0]
[15, 34611, 4650, 294, 2, 0, 0, 0]
[15, 34560, 4690, 306, 1, 0, 0, 0]
[15, 34615, 4644, 297, 1, 0, 0, 0]
[15, 34616, 4625, 315, 1, 0, 0, 0]
[15, 34576, 4645, 335, 1, 0, 0, 0]
[15, 34542, 4668, 345, 2, 0, 0, 0]
[15, 34524, 4721, 311, 1, 0, 0, 0]
[15, 34620, 4637, 300, 0, 0, 0, 0]
[15, 34533, 4701, 323, 0, 0, 0, 0]
[15, 34547, 4679, 331, 0, 0, 0, 0]
[15, 34651, 4559, 347, 0, 0, 0, 0]
[15, 34600, 4602, 355, 0, 0, 0, 0]
[15, 34666, 4561, 330, 0, 0, 0, 0]
[15, 34629, 4599, 329, 0, 0, 0, 0]
[15, 34528, 4701, 327, 1, 0, 0, 0]
[15, 34641, 4607, 308, 1, 0, 0, 0]
[15, 34639, 4596, 320, 2, 0, 0, 0]
[15, 34649, 4583, 322, 3, 0, 0, 0]
[15, 34587, 4646, 322, 2, 0, 0, 0]
[15, 34610, 4641, 305, 1, 0, 0, 0]
[15, 34632, 4607, 317, 1, 0, 0, 0]
[15, 34728, 4530, 299, 0, 0, 0, 0]
[15, 34683, 4563, 311, 0, 0, 0, 0]
[15, 34662, 4582, 312, 1, 0, 0, 0]
[15, 34652, 4603, 302, 0, 0, 0, 0]
[15, 34678, 4568, 311, 0, 0, 0, 0]
[15, 34721, 4553, 283, 0, 0, 0, 0]
[15, 34675, 4605, 277, 0, 0, 0, 0]
[15, 34683, 4585, 289, 0, 0, 0, 0]
[15, 34582, 4677, 298, 0, 0, 0, 0]
[15, 34630, 4614, 313, 0, 0, 0, 0]
[15, 34496, 4726, 335, 0, 0, 0, 0]
[15, 34554, 4673, 330, 0, 0, 0, 0]
[15, 34720, 4533, 304, 0, 0, 0, 0]
[15, 34798, 4464, 295, 0, 0, 0, 0]
[15, 34693, 4561, 303, 0, 0, 0, 0]
[15, 34633, 4632, 292, 0, 0, 0, 0]
[15, 34637, 4635, 285, 0, 0, 0, 0]
[15, 34583, 4664, 310, 0, 0, 0, 0]
[15, 34646, 4607, 304, 0, 0, 0, 0]
[15, 34647, 4598, 312, 0, 0, 0, 0]
[15, 34622, 4620, 315, 0, 0, 0, 0]
[15, 34636, 4574, 347, 0, 0, 0, 0]
[15, 34587, 4644, 325, 1, 0, 0, 0]
[15, 34588, 4639, 329, 1, 0, 0, 0]
[15, 34608, 4619, 328, 2, 0, 0, 0]
[15, 34617, 4617, 321, 2, 0, 0, 0]
[15, 34648, 4593, 314, 2, 0, 0, 0]
[15, 34568, 4654, 334, 1, 0, 0, 0]
[15, 34528, 4704, 322, 3, 0, 0, 0]
[15, 34466, 4756, 330, 5, 0, 0, 0]
[15, 34545, 4674, 336, 2, 0, 0, 0]
[15, 34510, 4730, 316, 1, 0, 0, 0]
[15, 34475, 4771, 310, 1, 0, 0, 0]
[15, 34520, 4725, 312, 0, 0, 0, 0]
[15, 34470, 4780, 307, 0, 0, 0, 0]
[15, 34398, 4853, 304, 2, 0, 0, 0]
[15, 34499, 4744, 313, 1, 0, 0, 0]
[15, 34607, 4670, 279, 1, 0, 0, 0]
[15, 34599, 4662, 295, 1, 0, 0, 0]
[15, 34584, 4691, 280, 2, 0, 0, 0]
[15, 34552, 4697, 307, 1, 0, 0, 0]
[15, 34681, 4562, 312, 2, 0, 0, 0]
[15, 34609, 4642, 304, 2, 0, 0, 0]
[15, 34644, 4612, 300, 1, 0, 0, 0]
[15, 34581, 4683, 292, 1, 0, 0, 0]
[15, 34589, 4661, 307, 0, 0, 0, 0]
[15, 34619, 4629, 309, 0, 0, 0, 0]
[15, 34633, 4622, 302, 0, 0, 0, 0]
[15, 34630, 4624, 301, 2, 0, 0, 0]
[15, 34690, 4539, 327, 1, 0, 0, 0]
[15, 34599, 4628, 328, 2, 0, 0, 0]
[15, 34629, 4615, 311, 2, 0, 0, 0]
[15, 34558, 4698, 299, 2, 0, 0, 0]
[15, 34540, 4719, 298, 0, 0, 0, 0]
[15, 34492, 4774, 290, 1, 0, 0, 0]
[15, 34655, 4593, 308, 1, 0, 0, 0]
[15, 34624, 4651, 280, 2, 0, 0, 0]
[15, 34633, 4611, 312, 1, 0, 0, 0]
[15, 34623, 4622, 310, 2, 0, 0, 0]
[15, 34643, 4607, 305, 2, 0, 0, 0]
[15, 34778, 4472, 304, 3, 0, 0, 0]
[15, 34745, 4506, 304, 2, 0, 0, 0]
[15, 34753, 4529, 273, 2, 0, 0, 0]
[15, 34649, 4624, 284, 0, 0, 0, 0]
[15, 34620, 4653, 282, 2, 0, 0, 0]
[15, 34583, 4687, 287, 0, 0, 0, 0]
[15, 34551, 4700, 304, 2, 0, 0, 0]
[15, 34575, 4657, 324, 1, 0, 0, 0]
[15, 34581, 4642, 330, 4, 0, 0, 0]
[15, 34707, 4512, 337, 1, 0, 0, 0]
[15, 34666, 4572, 317, 2, 0, 0, 0]
[15, 34660, 4614, 281, 2, 0, 0, 0]
[15, 34684, 4598, 273, 2, 0, 0, 0]
[15, 34584, 4669, 302, 2, 0, 0, 0]
[15, 34570, 4676, 310, 1, 0, 0, 0]
[15, 34692, 4557, 308, 0, 0, 0, 0]
[15, 34686, 4559, 312, 0, 0, 0, 0]
[15, 34701, 4563, 293, 0, 0, 0, 0]
[15, 34640, 4624, 291, 2, 0, 0, 0]
[15, 34731, 4545, 279, 2, 0, 0, 0]
[15, 34666, 4594, 295, 2, 0, 0, 0]
[15, 34698, 4541, 314, 4, 0, 0, 0]
[15, 34654, 4605, 296, 2, 0, 0, 0]
[15, 34612, 4666, 278, 1, 0, 0, 0]
[15, 34597, 4659, 300, 1, 0, 0, 0]
[15, 34591, 4647, 318, 1, 0, 0, 0]
[15, 34592, 4652, 313, 0, 0, 0, 0]
[15, 34535, 4693, 327, 2, 0, 0, 0]
[15, 34529, 4702, 325, 1, 0, 0, 0]
[15, 34457, 4770, 329, 1, 0, 0, 0]
[15, 34444, 4761, 350, 2, 0, 0, 0]
[15, 34402, 4800, 353, 2, 0, 0, 0]
[15, 34494, 4723, 339, 1, 0, 0, 0]
[15, 34510, 4718, 328, 1, 0, 0, 0]
[15, 34573, 4660, 322, 2, 0, 0, 0]
[15, 34594, 4646, 316, 1, 0, 0, 0]
[15, 34679, 4606, 272, 0, 0, 0, 0]
[15, 34739, 4536, 282, 0, 0, 0, 0]
[15, 34824, 4449, 283, 1, 0, 0, 0]
[15, 34645, 4630, 281, 1, 0, 0, 0]
[15, 34597, 4679, 278, 3, 0, 0, 0]
[15, 34697, 4562, 295, 3, 0, 0, 0]
[15, 34674, 4548, 332, 3, 0, 0, 0]
[15, 34660, 4554, 339, 4, 0, 0, 0]
[15, 34701, 4494, 358, 4, 0, 0, 0]
[15, 34581, 4620, 351, 5, 0, 0, 0]
[15, 34715, 4508, 331, 3, 0, 0, 0]
[15, 34598, 4616, 341, 2, 0, 0, 0]
[15, 34657, 4593, 303, 4, 0, 0, 0]
[15, 34646, 4584, 322, 5, 0, 0, 0]
[15, 34685, 4558, 309, 5, 0, 0, 0]
[15, 34642, 4617, 295, 3, 0, 0, 0]
[15, 34590, 4671, 294, 2, 0, 0, 0]
[15, 34653, 4588, 314, 2, 0, 0, 0]
[15, 34716, 4540, 299, 2, 0, 0, 0]
[15, 34721, 4533, 301, 2, 0, 0, 0]
[15, 34730, 4558, 268, 1, 0, 0, 0]
[15, 34758, 4511, 287, 1, 0, 0, 0]
[15, 34746, 4518, 293, 0, 0, 0, 0]
[15, 34642, 4628, 287, 0, 0, 0, 0]
[15, 34665, 4597, 295, 0, 0, 0, 0]
[15, 34689, 4561, 307, 0, 0, 0, 0]
[15, 34727, 4543, 287, 0, 0, 0, 0]
[15, 34741, 4518, 298, 0, 0, 0, 0]
[15, 34600, 4639, 318, 0, 0, 0, 0]
[15, 34541, 4688, 328, 0, 0, 0, 0]
[15, 34595, 4627, 335, 0, 0, 0, 0]
[15, 34562, 4653, 339, 3, 0, 0, 0]
[15, 34487, 4727, 341, 2, 0, 0, 0]
[15, 34522, 4711, 323, 1, 0, 0, 0]
[15, 34585, 4660, 312, 0, 0, 0, 0]
[15, 34569, 4677, 311, 0, 0, 0, 0]
[15, 34594, 4649, 314, 0, 0, 0, 0]
[15, 34582, 4670, 305, 0, 0, 0, 0]
[15, 34562, 4708, 286, 1, 0, 0, 0]
[15, 34570, 4701, 286, 0, 0, 0, 0]
[15, 34595, 4671, 290, 1, 0, 0, 0]
[15, 34514, 4727, 315, 1, 0, 0, 0]
[15, 34605, 4664, 285, 3, 0, 0, 0]
[15, 34588, 4666, 301, 2, 0, 0, 0]
[15, 34618, 4633, 305, 1, 0, 0, 0]
[15, 34657, 4609, 291, 0, 0, 0, 0]
[15, 34625, 4647, 284, 1, 0, 0, 0]
[15, 34631, 4629, 296, 1, 0, 0, 0]
[15, 34554, 4688, 315, 0, 0, 0, 0]
[15, 34566, 4681, 310, 0, 0, 0, 0]
[15, 34536, 4701, 320, 0, 0, 0, 0]
[15, 34660, 4580, 316, 1, 0, 0, 0]
[15, 34637, 4615, 302, 3, 0, 0, 0]
[15, 34608, 4642, 304, 3, 0, 0, 0]
[15, 34534, 4708, 315, 0, 0, 0, 0]
[15, 34603, 4636, 316, 2, 0, 0, 0]
[15, 34514, 4754, 288, 1, 0, 0, 0]
[15, 34591, 4683, 283, 0, 0, 0, 0]
[15, 34641, 4623, 292, 1, 0, 0, 0]
[15, 34626, 4642, 289, 0, 0, 0, 0]
[15, 34637, 4643, 277, 0, 0, 0, 0]
[15, 34720, 4559, 278, 0, 0, 0, 0]
[15, 34633, 4635, 288, 1, 0, 0, 0]
[15, 34637, 4616, 303, 1, 0, 0, 0]
[15, 34624, 4636, 297, 0, 0, 0, 0]
[15, 34661, 4606, 290, 0, 0, 0, 0]
[15, 34614, 4645, 298, 0, 0, 0, 0]
[15, 34657, 4599, 300, 1, 0, 0, 0]
[15, 34655, 4605, 296, 1, 0, 0, 0]
[15, 34598, 4643, 316, 0, 0, 0, 0]
[15, 34641, 4583, 333, 0, 0, 0, 0]
[15, 34592, 4651, 312, 2, 0, 0, 0]
[15, 34588, 4669, 299, 1, 0, 0, 0]
[15, 34525, 4738, 293, 1, 0, 0, 0]
[15, 34609, 4659, 288, 1, 0, 0, 0]
[15, 34587, 4680, 290, 0, 0, 0, 0]
[15, 34486, 4768, 302, 1, 0, 0, 0]
[15, 34478, 4767, 312, 0, 0, 0, 0]
[15, 34410, 4832, 315, 0, 0, 0, 0]
[15, 34502, 4722, 333, 0, 0, 0, 0]
[15, 34484, 4746, 327, 0, 0, 0, 0]
[15, 34569, 4656, 331, 1, 0, 0, 0]
[15, 34538, 4690, 327, 2, 0, 0, 0]
[15, 34496, 4733, 327, 1, 0, 0, 0]
[15, 34606, 4630, 321, 0, 0, 0, 0]
[15, 34660, 4597, 300, 0, 0, 0, 0]
[15, 34722, 4530, 303, 2, 0, 0, 0]
[15, 34621, 4626, 306, 4, 0, 0, 0]
[15, 34631, 4622, 300, 4, 0, 0, 0]
[15, 34642, 4618, 293, 4, 0, 0, 0]
[15, 34615, 4630, 308, 4, 0, 0, 0]
[15, 34621, 4616, 316, 4, 0, 0, 0]
[15, 34597, 4650, 305, 5, 0, 0, 0]
[15, 34568, 4686, 301, 2, 0, 0, 0]
[15, 34608, 4638, 309, 2, 0, 0, 0]
[15, 34601, 4667, 288, 1, 0, 0, 0]
[15, 34729, 4537, 290, 1, 0, 0, 0]
[15, 34746, 4501, 309, 1, 0, 0, 0]
[15, 34679, 4572, 305, 1, 0, 0, 0]
[15, 34499, 4748, 309, 1, 0, 0, 0]
[15, 34517, 4734, 305, 1, 0, 0, 0]
[15, 34626, 4630, 300, 1, 0, 0, 0]
[15, 34651, 4584, 320, 2, 0, 0, 0]
[15, 34611, 4617, 325, 4, 0, 0, 0]
[15, 34533, 4685, 336, 3, 0, 0, 0]
[15, 34686, 4548, 321, 2, 0, 0, 0]
[15, 34722, 4507, 325, 3, 0, 0, 0]
[15, 34692, 4533, 332, 0, 0, 0, 0]
[15, 34572, 4666, 315, 4, 0, 0, 0]
[15, 34587, 4665, 301, 4, 0, 0, 0]
[15, 34713, 4549, 292, 3, 0, 0, 0]
[15, 34638, 4601, 316, 2, 0, 0, 0]
[15, 34633, 4605, 318, 1, 0, 0, 0]
[15, 34582, 4664, 309, 2, 0, 0, 0]
[15, 34596, 4689, 271, 1, 0, 0, 0]
[15, 34624, 4640, 291, 2, 0, 0, 0]
[15, 34590, 4676, 288, 3, 0, 0, 0]
[15, 34602, 4647, 306, 2, 0, 0, 0]
[15, 34571, 4690, 294, 2, 0, 0, 0]
[15, 34626, 4634, 294, 3, 0, 0, 0]
[15, 34566, 4696, 293, 2, 0, 0, 0]
[15, 34623, 4633, 300, 1, 0, 0, 0]
[15, 34562, 4698, 295, 2, 0, 0, 0]
[15, 34565, 4678, 314, 0, 0, 0, 0]
[15, 34595, 4653, 308, 1, 0, 0, 0]
[15, 34638, 4614, 303, 2, 0, 0, 0]
[15, 34664, 4585, 306, 2, 0, 0, 0]
[15, 34647, 4598, 311, 1, 0, 0, 0]
[15, 34610, 4614, 333, 0, 0, 0, 0]
[15, 34526, 4707, 323, 1, 0, 0, 0]
[15, 34564, 4654, 339, 0, 0, 0, 0]
[15, 34473, 4756, 328, 0, 0, 0, 0]
[15, 34531, 4716, 309, 1, 0, 0, 0]
[15, 34605, 4654, 297, 1, 0, 0, 0]
[15, 34637, 4616, 303, 1, 0, 0, 0]
[15, 34664, 4574, 319, 0, 0, 0, 0]
[15, 34624, 4611, 322, 0, 0, 0, 0]
[15, 34556, 4683, 318, 0, 0, 0, 0]
[15, 34552, 4698, 307, 0, 0, 0, 0]
[15, 34531, 4745, 281, 0, 0, 0, 0]
[15, 34488, 4777, 292, 0, 0, 0, 0]
[15, 34642, 4637, 278, 0, 0, 0, 0]
[15, 34649, 4619, 287, 2, 0, 0, 0]
[15, 34624, 4613, 318, 2, 0, 0, 0]
[15, 34564, 4655, 335, 3, 0, 0, 0]
[15, 34628, 4613, 314, 2, 0, 0, 0]
[15, 34616, 4630, 310, 1, 0, 0, 0]
[15, 34632, 4579, 345, 1, 0, 0, 0]
[15, 34637, 4597, 321, 2, 0, 0, 0]
[15, 34599, 4633, 322, 3, 0, 0, 0]
[15, 34729, 4521, 304, 3, 0, 0, 0]
[15, 34574, 4664, 317, 2, 0, 0, 0]
[15, 34581, 4666, 307, 3, 0, 0, 0]
[15, 34647, 4593, 315, 2, 0, 0, 0]
[15, 34659, 4584, 311, 3, 0, 0, 0]
[15, 34644, 4599, 310, 4, 0, 0, 0]
[15, 34574, 4684, 296, 3, 0, 0, 0]
[15, 34573, 4705, 277, 2, 0, 0, 0]
[15, 34668, 4596, 291, 2, 0, 0, 0]
[15, 34684, 4574, 297, 2, 0, 0, 0]
[15, 34631, 4616, 309, 1, 0, 0, 0]
[15, 34615, 4654, 286, 2, 0, 0, 0]
[15, 34622, 4629, 305, 1, 0, 0, 0]
[15, 34607, 4645, 305, 0, 0, 0, 0]
[15, 34690, 4572, 295, 0, 0, 0, 0]
[15, 34733, 4521, 303, 0, 0, 0, 0]
[15, 34700, 4546, 310, 1, 0, 0, 0]
[15, 34642, 4623, 291, 1, 0, 0, 0]
[15, 34663, 4610, 283, 1, 0, 0, 0]
[15, 34706, 4540, 310, 1, 0, 0, 0]
[15, 34708, 4545, 304, 0, 0, 0, 0]
[15, 34626, 4636, 294, 1, 0, 0, 0]
[15, 34599, 4640, 317, 1, 0, 0, 0]
[15, 34654, 4578, 324, 1, 0, 0, 0]
[15, 34670, 4588, 298, 1, 0, 0, 0]
[15, 34608, 4637, 311, 1, 0, 0, 0]
[15, 34669, 4595, 291, 2, 0, 0, 0]
[15, 34635, 4609, 312, 1, 0, 0, 0]
[15, 34592, 4662, 302, 1, 0, 0, 0]
[15, 34555, 4686, 314, 2, 0, 0, 0]
[15, 34592, 4688, 276, 1, 0, 0, 0]
[15, 34647, 4626, 284, 0, 0, 0, 0]
[15, 34606, 4653, 298, 0, 0, 0, 0]
[15, 34519, 4737, 301, 0, 0, 0, 0]
[15, 34538, 4713, 306, 0, 0, 0, 0]
[15, 34573, 4698, 286, 0, 0, 0, 0]
[15, 34643, 4623, 290, 1, 0, 0, 0]
[15, 34701, 4567, 288, 1, 0, 0, 0]
[15, 34675, 4584, 297, 1, 0, 0, 0]
[15, 34709, 4548, 299, 1, 0, 0, 0]
[15, 34695, 4559, 301, 2, 0, 0, 0]
[15, 34730, 4515, 310, 2, 0, 0, 0]
[15, 34711, 4530, 315, 1, 0, 0, 0]
[15, 34587, 4648, 321, 1, 0, 0, 0]
[15, 34560, 4685, 312, 0, 0, 0, 0]
[15, 34451, 4813, 293, 0, 0, 0, 0]
[15, 34551, 4683, 323, 0, 0, 0, 0]
[15, 34526, 4720, 310, 1, 0, 0, 0]
[15, 34576, 4648, 333, 0, 0, 0, 0]
[15, 34649, 4579, 328, 1, 0, 0, 0]
[15, 34706, 4550, 300, 1, 0, 0, 0]
[15, 34656, 4595, 305, 1, 0, 0, 0]
[15, 34678, 4567, 311, 1, 0, 0, 0]
[15, 34573, 4684, 299, 1, 0, 0, 0]
[15, 34601, 4652, 302, 2, 0, 0, 0]
[15, 34575, 4683, 298, 1, 0, 0, 0]
[15, 34542, 4700, 313, 2, 0, 0, 0]
[15, 34571, 4672, 313, 1, 0, 0, 0]
[15, 34579, 4649, 327, 2, 0, 0, 0]
[15, 34520, 4695, 341, 1, 0, 0, 0]
[15, 34526, 4704, 326, 1, 0, 0, 0]
[15, 34642, 4599, 315, 1, 0, 0, 0]
[15, 34719, 4539, 298, 1, 0, 0, 0]
[15, 34640, 4619, 296, 2, 0, 0, 0]
[15, 34546, 4724, 286, 1, 0, 0, 0]
[15, 34648, 4608, 300, 1, 0, 0, 0]
[15, 34613, 4613, 328, 3, 0, 0, 0]
[15, 34657, 4583, 314, 3, 0, 0, 0]
[15, 34680, 4567, 306, 4, 0, 0, 0]
[15, 34681, 4563, 311, 2, 0, 0, 0]
[15, 34720, 4548, 286, 3, 0, 0, 0]
[15, 34659, 4608, 288, 2, 0, 0, 0]
[15, 34566, 4684, 303, 4, 0, 0, 0]
[15, 34580, 4650, 322, 5, 0, 0, 0]
[15, 34616, 4620, 318, 3, 0, 0, 0]
[15, 34641, 4593, 322, 1, 0, 0, 0]
[15, 34559, 4666, 330, 2, 0, 0, 0]
[15, 34647, 4584, 326, 0, 0, 0, 0]
[15, 34602, 4656, 299, 0, 0, 0, 0]
[15, 34577, 4666, 313, 1, 0, 0, 0]
[15, 34617, 4634, 306, 0, 0, 0, 0]
[15, 34624, 4625, 308, 0, 0, 0, 0]
[15, 34769, 4461, 327, 0, 0, 0, 0]
[15, 34549, 4673, 335, 0, 0, 0, 0]
[15, 34582, 4686, 288, 1, 0, 0, 0]
[15, 34553, 4717, 287, 0, 0, 0, 0]
[15, 34502, 4778, 277, 0, 0, 0, 0]
[15, 34541, 4733, 283, 0, 0, 0, 0]
[15, 34560, 4693, 304, 0, 0, 0, 0]
[15, 34547, 4723, 287, 0, 0, 0, 0]
[15, 34644, 4613, 300, 0, 0, 0, 0]
[15, 34649, 4590, 318, 0, 0, 0, 0]
[15, 34544, 4697, 316, 0, 0, 0, 0]
[15, 34688, 4582, 287, 0, 0, 0, 0]
[15, 34662, 4596, 298, 1, 0, 0, 0]
[15, 34692, 4562, 301, 2, 0, 0, 0]
[15, 34605, 4646, 305, 1, 0, 0, 0]
[15, 34721, 4545, 290, 1, 0, 0, 0]
[15, 34692, 4580, 284, 1, 0, 0, 0]
[15, 34736, 4537, 282, 2, 0, 0, 0]
[15, 34651, 4621, 283, 2, 0, 0, 0]
[15, 34551, 4734, 270, 2, 0, 0, 0]
[15, 34641, 4620, 295, 1, 0, 0, 0]
[15, 34641, 4595, 321, 0, 0, 0, 0]
[15, 34637, 4606, 314, 0, 0, 0, 0]
[15, 34588, 4639, 330, 0, 0, 0, 0]
[15, 34646, 4578, 333, 0, 0, 0, 0]
[15, 34691, 4509, 357, 0, 0, 0, 0]
[15, 34548, 4682, 327, 0, 0, 0, 0]
[15, 34489, 4758, 309, 1, 0, 0, 0]
[15, 34587, 4655, 313, 2, 0, 0, 0]
[15, 34587, 4646, 322, 2, 0, 0, 0]
[15, 34569, 4669, 317, 2, 0, 0, 0]
[15, 34603, 4642, 311, 1, 0, 0, 0]
[15, 34546, 4672, 338, 1, 0, 0, 0]
[15, 34619, 4608, 328, 2, 0, 0, 0]
[15, 34561, 4678, 316, 2, 0, 0, 0]
[15, 34524, 4718, 313, 2, 0, 0, 0]
[15, 34719, 4557, 278, 3, 0, 0, 0]
[15, 34636, 4624, 295, 2, 0, 0, 0]
[15, 34557, 4668, 330, 2, 0, 0, 0]
[15, 34622, 4620, 313, 2, 0, 0, 0]
[15, 34538, 4697, 320, 2, 0, 0, 0]
[15, 34425, 4785, 346, 1, 0, 0, 0]
[15, 34579, 4660, 317, 1, 0, 0, 0]
[15, 34626, 4630, 300, 1, 0, 0, 0]
[15, 34668, 4580, 308, 1, 0, 0, 0]
[15, 34732, 4519, 304, 2, 0, 0, 0]
[15, 34697, 4567, 292, 1, 0, 0, 0]
[15, 34556, 4710, 289, 2, 0, 0, 0]
[15, 34514, 4751, 290, 2, 0, 0, 0]
[15, 34530, 4728, 298, 1, 0, 0, 0]
[15, 34610, 4635, 312, 0, 0, 0, 0]
[15, 34680, 4547, 330, 0, 0, 0, 0]
[15, 34618, 4627, 312, 0, 0, 0, 0]
[15, 34626, 4618, 313, 0, 0, 0, 0]
[15, 34651, 4607, 299, 0, 0, 0, 0]
[15, 34707, 4540, 310, 0, 0, 0, 0]
[15, 34729, 4540, 288, 0, 0, 0, 0]
[15, 34683, 4590, 284, 0, 0, 0, 0]
[15, 34640, 4640, 277, 0, 0, 0, 0]
[15, 34625, 4633, 299, 0, 0, 0, 0]
[15, 34552, 4698, 306, 1, 0, 0, 0]
[15, 34575, 4685, 297, 0, 0, 0, 0]
[15, 34555, 4698, 303, 1, 0, 0, 0]
[15, 34597, 4644, 316, 0, 0, 0, 0]
[15, 34656, 4577, 324, 0, 0, 0, 0]
[15, 34619, 4618, 320, 0, 0, 0, 0]
[15, 34582, 4646, 328, 1, 0, 0, 0]
[15, 34548, 4690, 319, 0, 0, 0, 0]
[15, 34521, 4725, 310, 1, 0, 0, 0]
[15, 34576, 4667, 313, 1, 0, 0, 0]
[15, 34647, 4586, 323, 1, 0, 0, 0]
[15, 34658, 4577, 322, 0, 0, 0, 0]
[15, 34603, 4625, 328, 1, 0, 0, 0]
[15, 34605, 4636, 316, 0, 0, 0, 0]
[15, 34644, 4592, 321, 0, 0, 0, 0]
[15, 34640, 4575, 342, 0, 0, 0, 0]
[15, 34622, 4599, 336, 0, 0, 0, 0]
[15, 34767, 4463, 327, 0, 0, 0, 0]
[15, 34676, 4558, 323, 0, 0, 0, 0]
[15, 34511, 4715, 330, 1, 0, 0, 0]
[15, 34594, 4640, 323, 0, 0, 0, 0]
[15, 34537, 4724, 295, 1, 0, 0, 0]
[15, 34639, 4616, 302, 0, 0, 0, 0]
[15, 34646, 4620, 291, 0, 0, 0, 0]
[15, 34578, 4686, 293, 0, 0, 0, 0]
[15, 34642, 4642, 272, 1, 0, 0, 0]
[15, 34506, 4791, 258, 2, 0, 0, 0]
[15, 34622, 4672, 262, 1, 0, 0, 0]
[15, 34681, 4589, 287, 0, 0, 0, 0]
[15, 34623, 4638, 294, 2, 0, 0, 0]
[15, 34685, 4579, 291, 2, 0, 0, 0]
[15, 34612, 4660, 283, 2, 0, 0, 0]
[15, 34641, 4627, 287, 2, 0, 0, 0]
[15, 34662, 4577, 317, 1, 0, 0, 0]
[15, 34662, 4585, 310, 0, 0, 0, 0]
[15, 34664, 4603, 290, 0, 0, 0, 0]
[15, 34702, 4557, 298, 0, 0, 0, 0]
[15, 34565, 4688, 304, 0, 0, 0, 0]
[15, 34648, 4621, 288, 0, 0, 0, 0]
[15, 34700, 4565, 290, 2, 0, 0, 0]
[15, 34696, 4553, 306, 2, 0, 0, 0]
[15, 34618, 4659, 278, 2, 0, 0, 0]
[15, 34600, 4651, 304, 2, 0, 0, 0]
[15, 34616, 4647, 292, 2, 0, 0, 0]
[15, 34632, 4625, 299, 1, 0, 0, 0]
[15, 34630, 4618, 308, 1, 0, 0, 0]
[15, 34579, 4635, 343, 0, 0, 0, 0]
[15, 34627, 4608, 322, 0, 0, 0, 0]
[15, 34720, 4527, 310, 0, 0, 0, 0]
[15, 34659, 4573, 322, 3, 0, 0, 0]
[15, 34641, 4618, 297, 1, 0, 0, 0]
[15, 34531, 4682, 343, 1, 0, 0, 0]
[15, 34506, 4708, 342, 1, 0, 0, 0]
[15, 34566, 4677, 313, 1, 0, 0, 0]
[15, 34604, 4659, 293, 1, 0, 0, 0]
[15, 34688, 4562, 305, 2, 0, 0, 0]
[15, 34683, 4576, 297, 1, 0, 0, 0]
[15, 34696, 4548, 312, 1, 0, 0, 0]
[15, 34655, 4600, 300, 2, 0, 0, 0]
[15, 34692, 4580, 283, 2, 0, 0, 0]
[15, 34610, 4646, 299, 2, 0, 0, 0]
[15, 34702, 4556, 298, 1, 0, 0, 0]
[15, 34676, 4577, 304, 0, 0, 0, 0]
[15, 34628, 4614, 314, 1, 0, 0, 0]
[15, 34597, 4648, 311, 1, 0, 0, 0]
[15, 34637, 4592, 328, 0, 0, 0, 0]
[15, 34566, 4680, 310, 1, 0, 0, 0]
[15, 34633, 4608, 315, 1, 0, 0, 0]
[15, 34723, 4526, 307, 1, 0, 0, 0]
[15, 34516, 4721, 319, 1, 0, 0, 0]
[15, 34577, 4670, 310, 0, 0, 0, 0]
[15, 34596, 4638, 323, 0, 0, 0, 0]
[15, 34631, 4608, 318, 0, 0, 0, 0]
[15, 34617, 4623, 317, 0, 0, 0, 0]
[15, 34607, 4626, 324, 0, 0, 0, 0]
[15, 34668, 4605, 284, 0, 0, 0, 0]
[15, 34606, 4680, 271, 0, 0, 0, 0]
[15, 34596, 4674, 287, 0, 0, 0, 0]
[15, 34625, 4644, 288, 0, 0, 0, 0]
[15, 34577, 4696, 283, 1, 0, 0, 0]
[15, 34614, 4666, 276, 1, 0, 0, 0]
[15, 34638, 4620, 299, 0, 0, 0, 0]
[15, 34587, 4659, 311, 0, 0, 0, 0]
[15, 34569, 4655, 333, 0, 0, 0, 0]
[15, 34572, 4671, 314, 0, 0, 0, 0]
[15, 34625, 4609, 322, 1, 0, 0, 0]
[15, 34521, 4684, 350, 2, 0, 0, 0]
[15, 34487, 4743, 325, 2, 0, 0, 0]
[15, 34564, 4670, 321, 2, 0, 0, 0]
[15, 34642, 4589, 323, 3, 0, 0, 0]
[15, 34620, 4631, 303, 3, 0, 0, 0]
[15, 34665, 4580, 308, 4, 0, 0, 0]
[15, 34759, 4497, 297, 4, 0, 0, 0]
[15, 34722, 4528, 306, 1, 0, 0, 0]
[15, 34660, 4594, 301, 2, 0, 0, 0]
[15, 34598, 4652, 306, 1, 0, 0, 0]
[15, 34574, 4668, 314, 1, 0, 0, 0]
[15, 34556, 4676, 325, 0, 0, 0, 0]
[15, 34609, 4613, 334, 1, 0, 0, 0]
[15, 34562, 4675, 319, 1, 0, 0, 0]
[15, 34612, 4679, 263, 3, 0, 0, 0]
[15, 34631, 4641, 282, 3, 0, 0, 0]
[15, 34613, 4649, 293, 2, 0, 0, 0]
[15, 34654, 4584, 315, 4, 0, 0, 0]
[15, 34669, 4586, 299, 3, 0, 0, 0]
[15, 34686, 4548, 321, 2, 0, 0, 0]
[15, 34657, 4612, 287, 1, 0, 0, 0]
[15, 34655, 4618, 283, 1, 0, 0, 0]
[15, 34687, 4568, 300, 2, 0, 0, 0]
[15, 34596, 4652, 306, 3, 0, 0, 0]
[15, 34579, 4668, 306, 4, 0, 0, 0]
[15, 34627, 4649, 277, 4, 0, 0, 0]
[15, 34541, 4717, 294, 5, 0, 0, 0]
[15, 34597, 4672, 285, 3, 0, 0, 0]
[15, 34601, 4659, 294, 3, 0, 0, 0]
[15, 34662, 4591, 301, 3, 0, 0, 0]
[15, 34635, 4612, 308, 2, 0, 0, 0]
[15, 34650, 4607, 300, 0, 0, 0, 0]
[15, 34548, 4705, 303, 1, 0, 0, 0]
[15, 34571, 4686, 299, 1, 0, 0, 0]
[15, 34606, 4645, 304, 2, 0, 0, 0]
[15, 34561, 4705, 289, 2, 0, 0, 0]
[15, 34471, 4771, 313, 2, 0, 0, 0]
[15, 34537, 4718, 301, 1, 0, 0, 0]
[15, 34517, 4741, 298, 1, 0, 0, 0]
[15, 34577, 4686, 294, 0, 0, 0, 0]
[15, 34617, 4624, 316, 0, 0, 0, 0]
[15, 34691, 4567, 299, 0, 0, 0, 0]
[15, 34493, 4783, 280, 1, 0, 0, 0]
[15, 34579, 4687, 291, 0, 0, 0, 0]
[15, 34693, 4560, 301, 3, 0, 0, 0]
[15, 34713, 4519, 325, 0, 0, 0, 0]
[15, 34811, 4420, 326, 0, 0, 0, 0]
[15, 34750, 4499, 307, 1, 0, 0, 0]
[15, 34653, 4618, 283, 3, 0, 0, 0]
[15, 34595, 4640, 320, 2, 0, 0, 0]
[15, 34687, 4553, 316, 1, 0, 0, 0]
[15, 34637, 4629, 290, 1, 0, 0, 0]
[15, 34680, 4597, 279, 1, 0, 0, 0]
[15, 34694, 4583, 278, 2, 0, 0, 0]
[15, 34541, 4715, 298, 3, 0, 0, 0]
[15, 34531, 4715, 309, 2, 0, 0, 0]
[15, 34520, 4750, 285, 2, 0, 0, 0]
[15, 34569, 4695, 292, 1, 0, 0, 0]
[15, 34696, 4566, 294, 1, 0, 0, 0]
[15, 34692, 4595, 269, 1, 0, 0, 0]
[15, 34675, 4590, 291, 1, 0, 0, 0]
[15, 34576, 4697, 282, 2, 0, 0, 0]
[15, 34628, 4623, 304, 2, 0, 0, 0]
[15, 34621, 4601, 334, 1, 0, 0, 0]
[15, 34588, 4632, 335, 2, 0, 0, 0]
[15, 34677, 4569, 310, 1, 0, 0, 0]
[15, 34634, 4616, 306, 1, 0, 0, 0]
[15, 34535, 4711, 311, 0, 0, 0, 0]
[15, 34544, 4700, 313, 0, 0, 0, 0]
[15, 34603, 4627, 326, 1, 0, 0, 0]
[15, 34598, 4632, 326, 1, 0, 0, 0]
[15, 34655, 4578, 324, 0, 0, 0, 0]
[15, 34723, 4531, 302, 1, 0, 0, 0]
[15, 34699, 4531, 325, 2, 0, 0, 0]
[15, 34668, 4542, 346, 1, 0, 0, 0]
[15, 34649, 4590, 317, 1, 0, 0, 0]
[15, 34654, 4588, 315, 0, 0, 0, 0]
[15, 34692, 4545, 320, 0, 0, 0, 0]
[15, 34559, 4700, 297, 1, 0, 0, 0]
[15, 34568, 4682, 305, 2, 0, 0, 0]
[15, 34462, 4783, 310, 2, 0, 0, 0]
[15, 34542, 4709, 303, 3, 0, 0, 0]
[15, 34610, 4641, 302, 4, 0, 0, 0]
[15, 34740, 4500, 314, 3, 0, 0, 0]
[15, 34611, 4632, 312, 2, 0, 0, 0]
[15, 34650, 4610, 295, 2, 0, 0, 0]
[15, 34596, 4654, 303, 4, 0, 0, 0]
[15, 34596, 4694, 267, 0, 0, 0, 0]
[15, 34590, 4692, 275, 0, 0, 0, 0]
[15, 34691, 4591, 275, 0, 0, 0, 0]
[15, 34710, 4589, 258, 0, 0, 0, 0]
[15, 34730, 4574, 253, 0, 0, 0, 0]
[15, 34643, 4635, 279, 0, 0, 0, 0]
[15, 34626, 4636, 295, 0, 0, 0, 0]
[15, 34590, 4676, 291, 0, 0, 0, 0]
[15, 34580, 4688, 288, 1, 0, 0, 0]
[15, 34637, 4619, 300, 1, 0, 0, 0]
[15, 34516, 4728, 311, 2, 0, 0, 0]
[15, 34612, 4623, 320, 2, 0, 0, 0]
[15, 34584, 4673, 296, 4, 0, 0, 0]
[15, 34609, 4654, 292, 2, 0, 0, 0]
[15, 34675, 4581, 300, 1, 0, 0, 0]
[15, 34556, 4694, 306, 1, 0, 0, 0]
[15, 34524, 4739, 294, 0, 0, 0, 0]
[15, 34615, 4636, 305, 1, 0, 0, 0]
[15, 34625, 4621, 310, 1, 0, 0, 0]
[15, 34594, 4677, 285, 1, 0, 0, 0]
[15, 34555, 4705, 296, 1, 0, 0, 0]
[15, 34562, 4677, 317, 1, 0, 0, 0]
[15, 34571, 4682, 303, 1, 0, 0, 0]
[15, 34570, 4680, 306, 1, 0, 0, 0]
[15, 34709, 4543, 304, 1, 0, 0, 0]
[15, 34686, 4580, 291, 0, 0, 0, 0]
[15, 34633, 4629, 294, 1, 0, 0, 0]
[15, 34644, 4640, 271, 2, 0, 0, 0]
[15, 34568, 4719, 267, 3, 0, 0, 0]
[15, 34524, 4744, 287, 2, 0, 0, 0]
[15, 34475, 4794, 286, 2, 0, 0, 0]
[15, 34607, 4672, 277, 1, 0, 0, 0]
[15, 34662, 4620, 274, 1, 0, 0, 0]
[15, 34647, 4641, 268, 1, 0, 0, 0]
[15, 34716, 4570, 270, 1, 0, 0, 0]
[15, 34665, 4599, 293, 0, 0, 0, 0]
[15, 34686, 4581, 290, 0, 0, 0, 0]
[15, 34622, 4633, 302, 0, 0, 0, 0]
[15, 34688, 4582, 287, 0, 0, 0, 0]
[15, 34707, 4533, 316, 1, 0, 0, 0]
[15, 34620, 4625, 311, 1, 0, 0, 0]
[15, 34595, 4671, 290, 1, 0, 0, 0]
[15, 34692, 4564, 300, 1, 0, 0, 0]
[15, 34676, 4565, 314, 2, 0, 0, 0]
[15, 34608, 4612, 333, 4, 0, 0, 0]
[15, 34584, 4646, 324, 3, 0, 0, 0]
[15, 34657, 4584, 314, 2, 0, 0, 0]
[15, 34606, 4602, 348, 1, 0, 0, 0]
[15, 34607, 4620, 330, 0, 0, 0, 0]
[15, 34468, 4751, 338, 0, 0, 0, 0]
[15, 34508, 4734, 315, 0, 0, 0, 0]
[15, 34531, 4698, 327, 1, 0, 0, 0]
[15, 34583, 4664, 309, 1, 0, 0, 0]
[15, 34469, 4758, 329, 1, 0, 0, 0]
[15, 34620, 4642, 292, 3, 0, 0, 0]
[15, 34606, 4640, 309, 2, 0, 0, 0]
[15, 34707, 4549, 297, 4, 0, 0, 0]
[15, 34666, 4598, 291, 2, 0, 0, 0]
[15, 34577, 4677, 301, 2, 0, 0, 0]
[15, 34651, 4604, 298, 4, 0, 0, 0]
[15, 34677, 4566, 310, 4, 0, 0, 0]
[15, 34725, 4529, 302, 1, 0, 0, 0]
[15, 34754, 4503, 299, 1, 0, 0, 0]
[15, 34753, 4494, 309, 1, 0, 0, 0]
[15, 34591, 4674, 291, 1, 0, 0, 0]
[15, 34677, 4583, 296, 1, 0, 0, 0]
[15, 34657, 4603, 296, 1, 0, 0, 0]
[15, 34657, 4589, 307, 4, 0, 0, 0]
[15, 34638, 4613, 302, 4, 0, 0, 0]
[15, 34566, 4662, 327, 2, 0, 0, 0]
[15, 34588, 4643, 324, 2, 0, 0, 0]
[15, 34657, 4568, 329, 3, 0, 0, 0]
[15, 34665, 4571, 316, 5, 0, 0, 0]
[15, 34571, 4682, 298, 6, 0, 0, 0]
[15, 34595, 4666, 293, 3, 0, 0, 0]
[15, 34635, 4638, 284, 0, 0, 0, 0]
[15, 34575, 4677, 305, 0, 0, 0, 0]
[15, 34598, 4658, 300, 1, 0, 0, 0]
[15, 34552, 4700, 305, 0, 0, 0, 0]
[15, 34592, 4657, 307, 1, 0, 0, 0]
[15, 34657, 4607, 292, 1, 0, 0, 0]
[15, 34663, 4597, 296, 1, 0, 0, 0]
[15, 34594, 4649, 314, 0, 0, 0, 0]
[15, 34539, 4678, 338, 2, 0, 0, 0]
[15, 34508, 4754, 295, 0, 0, 0, 0]
[15, 34537, 4713, 307, 0, 0, 0, 0]
[15, 34598, 4636, 323, 0, 0, 0, 0]
[15, 34603, 4628, 326, 0, 0, 0, 0]
[15, 34567, 4661, 328, 1, 0, 0, 0]
[15, 34608, 4603, 346, 0, 0, 0, 0]
[15, 34541, 4668, 348, 0, 0, 0, 0]
[15, 34520, 4719, 318, 0, 0, 0, 0]
[15, 34490, 4732, 335, 0, 0, 0, 0]
[15, 34577, 4682, 298, 0, 0, 0, 0]
[15, 34571, 4692, 294, 0, 0, 0, 0]
[15, 34631, 4626, 300, 0, 0, 0, 0]
[15, 34608, 4650, 298, 1, 0, 0, 0]
[15, 34679, 4558, 318, 2, 0, 0, 0]
[15, 34646, 4600, 311, 0, 0, 0, 0]
[15, 34543, 4716, 297, 1, 0, 0, 0]
[15, 34585, 4663, 307, 2, 0, 0, 0]
[15, 34675, 4557, 323, 2, 0, 0, 0]
[15, 34572, 4660, 323, 2, 0, 0, 0]
[15, 34628, 4619, 308, 2, 0, 0, 0]
[15, 34577, 4679, 298, 3, 0, 0, 0]
[15, 34611, 4633, 312, 1, 0, 0, 0]
[15, 34695, 4560, 301, 1, 0, 0, 0]
[15, 34602, 4658, 296, 1, 0, 0, 0]
[15, 34607, 4636, 314, 0, 0, 0, 0]
[15, 34556, 4692, 308, 1, 0, 0, 0]
[15, 34553, 4683, 320, 1, 0, 0, 0]
[15, 34531, 4696, 329, 1, 0, 0, 0]
[15, 34589, 4638, 328, 2, 0, 0, 0]
[15, 34630, 4595, 330, 2, 0, 0, 0]
[15, 34574, 4648, 332, 3, 0, 0, 0]
[15, 34691, 4558, 304, 4, 0, 0, 0]
[15, 34680, 4575, 300, 2, 0, 0, 0]
[15, 34571, 4670, 314, 2, 0, 0, 0]
[15, 34612, 4664, 280, 1, 0, 0, 0]
[15, 34579, 4692, 285, 1, 0, 0, 0]
[15, 34655, 4607, 294, 1, 0, 0, 0]
[15, 34505, 4743, 308, 1, 0, 0, 0]
[15, 34563, 4678, 316, 0, 0, 0, 0]
[15, 34590, 4631, 335, 1, 0, 0, 0]
[15, 34588, 4633, 334, 2, 0, 0, 0]
[15, 34662, 4575, 318, 2, 0, 0, 0]
[15, 34610, 4645, 301, 1, 0, 0, 0]
[15, 34569, 4690, 297, 1, 0, 0, 0]
[15, 34578, 4685, 294, 0, 0, 0, 0]
[15, 34701, 4572, 284, 0, 0, 0, 0]
[15, 34603, 4668, 286, 0, 0, 0, 0]
[15, 34665, 4610, 282, 0, 0, 0, 0]
[15, 34647, 4628, 282, 0, 0, 0, 0]
[15, 34654, 4615, 288, 0, 0, 0, 0]
[15, 34576, 4699, 280, 2, 0, 0, 0]
[15, 34633, 4627, 295, 2, 0, 0, 0]
[15, 34588, 4675, 292, 2, 0, 0, 0]
[15, 34544, 4722, 289, 2, 0, 0, 0]
[15, 34521, 4726, 309, 1, 0, 0, 0]
[15, 34573, 4664, 318, 2, 0, 0, 0]
[15, 34610, 4621, 322, 4, 0, 0, 0]
[15, 34649, 4598, 307, 3, 0, 0, 0]
[15, 34634, 4643, 279, 1, 0, 0, 0]
[15, 34500, 4757, 300, 0, 0, 0, 0]
[15, 34558, 4694, 303, 2, 0, 0, 0]
[15, 34662, 4570, 324, 1, 0, 0, 0]
[15, 34534, 4692, 331, 0, 0, 0, 0]
[15, 34536, 4676, 343, 2, 0, 0, 0]
[15, 34611, 4610, 335, 1, 0, 0, 0]
[15, 34555, 4684, 317, 1, 0, 0, 0]
[15, 34620, 4632, 304, 1, 0, 0, 0]
[15, 34513, 4718, 325, 1, 0, 0, 0]
[15, 34564, 4668, 324, 1, 0, 0, 0]
[15, 34612, 4626, 318, 1, 0, 0, 0]
[15, 34679, 4577, 300, 1, 0, 0, 0]
[15, 34520, 4738, 299, 0, 0, 0, 0]
[15, 34646, 4616, 295, 0, 0, 0, 0]
[15, 34687, 4564, 306, 0, 0, 0, 0]
[15, 34665, 4577, 314, 1, 0, 0, 0]
[15, 34727, 4523, 307, 0, 0, 0, 0]
[15, 34692, 4555, 310, 0, 0, 0, 0]
[15, 34737, 4502, 317, 1, 0, 0, 0]
[15, 34587, 4642, 328, 0, 0, 0, 0]
[15, 34557, 4656, 344, 0, 0, 0, 0]
[15, 34657, 4593, 307, 0, 0, 0, 0]
[15, 34722, 4514, 320, 1, 0, 0, 0]
[15, 34567, 4685, 304, 1, 0, 0, 0]
[15, 34645, 4595, 314, 3, 0, 0, 0]
[15, 34574, 4662, 320, 1, 0, 0, 0]
[15, 34692, 4569, 295, 1, 0, 0, 0]
[15, 34629, 4630, 297, 1, 0, 0, 0]
[15, 34722, 4532, 302, 1, 0, 0, 0]
[15, 34696, 4574, 286, 1, 0, 0, 0]
[15, 34621, 4644, 291, 1, 0, 0, 0]
[15, 34635, 4640, 281, 1, 0, 0, 0]
[15, 34691, 4569, 297, 0, 0, 0, 0]
[15, 34708, 4551, 297, 1, 0, 0, 0]
[15, 34730, 4503, 322, 2, 0, 0, 0]
[15, 34661, 4544, 350, 2, 0, 0, 0]
[15, 34568, 4644, 343, 2, 0, 0, 0]
[15, 34576, 4664, 313, 4, 0, 0, 0]
[15, 34626, 4597, 329, 5, 0, 0, 0]
[15, 34622, 4611, 320, 4, 0, 0, 0]
[15, 34641, 4586, 326, 4, 0, 0, 0]
[15, 34608, 4625, 320, 4, 0, 0, 0]
[15, 34576, 4662, 317, 2, 0, 0, 0]
[15, 34674, 4569, 313, 1, 0, 0, 0]
[15, 34617, 4615, 324, 1, 0, 0, 0]
[15, 34563, 4681, 312, 1, 0, 0, 0]
[15, 34546, 4728, 281, 2, 0, 0, 0]
[15, 34616, 4642, 296, 3, 0, 0, 0]
[15, 34563, 4686, 307, 1, 0, 0, 0]
[15, 34525, 4713, 318, 1, 0, 0, 0]
[15, 34496, 4737, 321, 3, 0, 0, 0]
[15, 34587, 4661, 307, 2, 0, 0, 0]
[15, 34571, 4670, 314, 2, 0, 0, 0]
[15, 34608, 4626, 321, 2, 0, 0, 0]
[15, 34630, 4599, 326, 2, 0, 0, 0]
[15, 34600, 4629, 324, 4, 0, 0, 0]
[15, 34623, 4621, 310, 3, 0, 0, 0]
[15, 34574, 4664, 317, 2, 0, 0, 0]
[15, 34549, 4702, 305, 1, 0, 0, 0]
[15, 34558, 4687, 310, 2, 0, 0, 0]
[15, 34613, 4627, 314, 3, 0, 0, 0]
[15, 34723, 4519, 312, 3, 0, 0, 0]
[15, 34577, 4683, 294, 3, 0, 0, 0]
[15, 34599, 4652, 304, 2, 0, 0, 0]
[15, 34587, 4683, 285, 2, 0, 0, 0]
[15, 34598, 4663, 294, 2, 0, 0, 0]
[15, 34495, 4750, 310, 2, 0, 0, 0]
[15, 34586, 4667, 303, 1, 0, 0, 0]
[15, 34711, 4557, 288, 1, 0, 0, 0]
[15, 34662, 4596, 298, 1, 0, 0, 0]
[15, 34592, 4658, 306, 1, 0, 0, 0]
[15, 34570, 4673, 313, 1, 0, 0, 0]
[15, 34535, 4705, 317, 0, 0, 0, 0]
[15, 34566, 4675, 315, 1, 0, 0, 0]
[15, 34620, 4630, 306, 1, 0, 0, 0]
[15, 34631, 4592, 333, 1, 0, 0, 0]
[15, 34633, 4604, 320, 0, 0, 0, 0]
[15, 34620, 4616, 320, 1, 0, 0, 0]
[15, 34577, 4679, 300, 1, 0, 0, 0]
[15, 34570, 4668, 317, 2, 0, 0, 0]
[15, 34564, 4683, 307, 3, 0, 0, 0]
[15, 34575, 4658, 322, 2, 0, 0, 0]
[15, 34689, 4543, 324, 1, 0, 0, 0]
[15, 34647, 4571, 338, 1, 0, 0, 0]
[15, 34621, 4638, 298, 0, 0, 0, 0]
[15, 34617, 4651, 289, 0, 0, 0, 0]
[15, 34640, 4605, 312, 0, 0, 0, 0]
[15, 34560, 4690, 305, 2, 0, 0, 0]
[15, 34673, 4575, 305, 4, 0, 0, 0]
[15, 34654, 4579, 321, 3, 0, 0, 0]
[15, 34746, 4496, 312, 3, 0, 0, 0]
[15, 34647, 4605, 301, 4, 0, 0, 0]
[15, 34641, 4611, 301, 4, 0, 0, 0]
[15, 34609, 4649, 296, 3, 0, 0, 0]
[15, 34711, 4547, 296, 3, 0, 0, 0]
[15, 34731, 4525, 298, 3, 0, 0, 0]
[15, 34623, 4615, 315, 4, 0, 0, 0]
[15, 34723, 4521, 310, 3, 0, 0, 0]
[15, 34650, 4617, 287, 3, 0, 0, 0]
[15, 34623, 4632, 299, 3, 0, 0, 0]
[15, 34704, 4537, 315, 1, 0, 0, 0]
[15, 34667, 4575, 315, 0, 0, 0, 0]
[15, 34639, 4602, 316, 0, 0, 0, 0]
[15, 34630, 4623, 304, 0, 0, 0, 0]
[15, 34622, 4623, 312, 0, 0, 0, 0]
[15, 34662, 4574, 319, 2, 0, 0, 0]
[15, 34597, 4647, 313, 0, 0, 0, 0]
[15, 34601, 4624, 330, 2, 0, 0, 0]
[15, 34588, 4636, 331, 2, 0, 0, 0]
[15, 34557, 4680, 318, 2, 0, 0, 0]
[15, 34575, 4663, 316, 3, 0, 0, 0]
[15, 34535, 4688, 333, 1, 0, 0, 0]
[15, 34577, 4670, 309, 1, 0, 0, 0]
[15, 34618, 4622, 316, 1, 0, 0, 0]
[15, 34637, 4612, 308, 0, 0, 0, 0]
[15, 34636, 4594, 327, 0, 0, 0, 0]
[15, 34653, 4578, 326, 0, 0, 0, 0]
[15, 34547, 4689, 320, 1, 0, 0, 0]
[15, 34639, 4603, 314, 1, 0, 0, 0]
[15, 34582, 4666, 309, 0, 0, 0, 0]
[15, 34588, 4688, 281, 0, 0, 0, 0]
[15, 34596, 4649, 311, 1, 0, 0, 0]
[15, 34559, 4690, 308, 0, 0, 0, 0]
[15, 34624, 4625, 307, 1, 0, 0, 0]
[15, 34606, 4628, 321, 2, 0, 0, 0]
[15, 34585, 4666, 304, 2, 0, 0, 0]
[15, 34503, 4746, 307, 1, 0, 0, 0]
[15, 34472, 4762, 321, 2, 0, 0, 0]
[15, 34543, 4693, 320, 1, 0, 0, 0]
[15, 34624, 4602, 329, 2, 0, 0, 0]
[15, 34599, 4620, 335, 3, 0, 0, 0]
[15, 34612, 4625, 317, 3, 0, 0, 0]
[15, 34596, 4631, 327, 3, 0, 0, 0]
[15, 34572, 4643, 339, 3, 0, 0, 0]
[15, 34547, 4713, 296, 1, 0, 0, 0]
[15, 34642, 4616, 298, 1, 0, 0, 0]
[15, 34728, 4535, 292, 2, 0, 0, 0]
[15, 34691, 4556, 308, 2, 0, 0, 0]
[15, 34596, 4625, 334, 2, 0, 0, 0]
[15, 34590, 4671, 295, 1, 0, 0, 0]
[15, 34549, 4707, 300, 1, 0, 0, 0]
[15, 34542, 4684, 329, 2, 0, 0, 0]
[15, 34534, 4695, 324, 4, 0, 0, 0]
[15, 34566, 4653, 334, 4, 0, 0, 0]
[15, 34449, 4785, 320, 3, 0, 0, 0]
[15, 34492, 4737, 325, 3, 0, 0, 0]
[15, 34540, 4707, 307, 3, 0, 0, 0]
[15, 34624, 4617, 314, 2, 0, 0, 0]
[15, 34564, 4684, 309, 0, 0, 0, 0]
[15, 34635, 4619, 303, 0, 0, 0, 0]
[15, 34626, 4642, 289, 0, 0, 0, 0]
[15, 34673, 4585, 297, 2, 0, 0, 0]
[15, 34644, 4598, 315, 0, 0, 0, 0]
[15, 34617, 4609, 331, 0, 0, 0, 0]
[15, 34673, 4561, 322, 1, 0, 0, 0]
[15, 34548, 4667, 341, 1, 0, 0, 0]
[15, 34640, 4590, 324, 3, 0, 0, 0]
[15, 34638, 4586, 329, 4, 0, 0, 0]
[15, 34599, 4651, 304, 3, 0, 0, 0]
[15, 34562, 4670, 323, 2, 0, 0, 0]
[15, 34467, 4749, 340, 1, 0, 0, 0]
[15, 34631, 4592, 333, 1, 0, 0, 0]
[15, 34648, 4605, 304, 0, 0, 0, 0]
[15, 34632, 4637, 288, 0, 0, 0, 0]
[15, 34701, 4576, 278, 2, 0, 0, 0]
[15, 34661, 4605, 290, 1, 0, 0, 0]
[15, 34585, 4668, 303, 1, 0, 0, 0]
[15, 34612, 4643, 301, 1, 0, 0, 0]
[15, 34633, 4621, 302, 1, 0, 0, 0]
[15, 34634, 4617, 304, 2, 0, 0, 0]
[15, 34642, 4625, 290, 0, 0, 0, 0]
[15, 34681, 4579, 297, 0, 0, 0, 0]
[15, 34625, 4625, 307, 0, 0, 0, 0]
[15, 34674, 4563, 319, 1, 0, 0, 0]
[15, 34691, 4586, 278, 2, 0, 0, 0]
[15, 34668, 4570, 317, 2, 0, 0, 0]
[15, 34684, 4567, 305, 1, 0, 0, 0]
[15, 34723, 4529, 304, 1, 0, 0, 0]
[15, 34682, 4572, 303, 0, 0, 0, 0]
[15, 34671, 4576, 308, 2, 0, 0, 0]
[15, 34653, 4596, 307, 1, 0, 0, 0]
[15, 34665, 4567, 321, 4, 0, 0, 0]
[15, 34606, 4644, 305, 2, 0, 0, 0]
[15, 34625, 4621, 310, 1, 0, 0, 0]
[15, 34588, 4648, 320, 1, 0, 0, 0]
[15, 34530, 4718, 308, 1, 0, 0, 0]
[15, 34630, 4620, 307, 0, 0, 0, 0]
[15, 34653, 4621, 282, 1, 0, 0, 0]
[15, 34654, 4615, 287, 1, 0, 0, 0]
[15, 34658, 4615, 283, 1, 0, 0, 0]
[15, 34605, 4641, 310, 1, 0, 0, 0]
[15, 34609, 4643, 304, 1, 0, 0, 0]
[15, 34532, 4721, 303, 1, 0, 0, 0]
[15, 34629, 4635, 292, 1, 0, 0, 0]
[15, 34648, 4604, 305, 0, 0, 0, 0]
[15, 34621, 4628, 307, 1, 0, 0, 0]
[15, 34566, 4675, 315, 1, 0, 0, 0]
[15, 34607, 4629, 320, 1, 0, 0, 0]
[15, 34661, 4608, 286, 2, 0, 0, 0]
[15, 34664, 4584, 308, 1, 0, 0, 0]
[15, 34569, 4682, 304, 2, 0, 0, 0]
[15, 34473, 4779, 304, 1, 0, 0, 0]
[15, 34483, 4769, 305, 0, 0, 0, 0]
[15, 34538, 4726, 293, 0, 0, 0, 0]
[15, 34608, 4662, 287, 0, 0, 0, 0]
[15, 34601, 4625, 331, 0, 0, 0, 0]
[15, 34612, 4629, 316, 0, 0, 0, 0]
[15, 34684, 4540, 333, 0, 0, 0, 0]
[15, 34813, 4428, 316, 0, 0, 0, 0]
[15, 34720, 4549, 288, 0, 0, 0, 0]
[15, 34673, 4565, 317, 2, 0, 0, 0]
[15, 34698, 4551, 307, 1, 0, 0, 0]
[15, 34623, 4643, 290, 1, 0, 0, 0]
[15, 34528, 4741, 287, 1, 0, 0, 0]
[15, 34551, 4710, 295, 1, 0, 0, 0]
[15, 34524, 4720, 311, 2, 0, 0, 0]
[15, 34472, 4769, 316, 0, 0, 0, 0]
[15, 34468, 4775, 313, 1, 0, 0, 0]
[15, 34553, 4711, 293, 0, 0, 0, 0]
[15, 34602, 4649, 306, 0, 0, 0, 0]
[15, 34646, 4590, 321, 0, 0, 0, 0]
[15, 34637, 4601, 319, 0, 0, 0, 0]
[15, 34656, 4578, 321, 2, 0, 0, 0]
[15, 34646, 4576, 332, 3, 0, 0, 0]
[15, 34561, 4675, 319, 2, 0, 0, 0]
[15, 34595, 4650, 310, 2, 0, 0, 0]
[15, 34519, 4721, 314, 3, 0, 0, 0]
[15, 34579, 4656, 318, 4, 0, 0, 0]
[15, 34714, 4520, 319, 4, 0, 0, 0]
[15, 34842, 4406, 308, 1, 0, 0, 0]
[15, 34757, 4509, 290, 1, 0, 0, 0]
[15, 34682, 4564, 310, 1, 0, 0, 0]
[15, 34646, 4611, 300, 0, 0, 0, 0]
[15, 34646, 4615, 294, 2, 0, 0, 0]
[15, 34598, 4644, 314, 1, 0, 0, 0]
[15, 34610, 4618, 329, 0, 0, 0, 0]
[15, 34567, 4654, 336, 0, 0, 0, 0]
[15, 34546, 4681, 330, 0, 0, 0, 0]
[15, 34610, 4617, 329, 1, 0, 0, 0]
[15, 34616, 4629, 311, 1, 0, 0, 0]
[15, 34581, 4692, 282, 2, 0, 0, 0]
[15, 34588, 4683, 285, 1, 0, 0, 0]
[15, 34528, 4725, 303, 1, 0, 0, 0]
[15, 34593, 4675, 287, 2, 0, 0, 0]
[15, 34617, 4606, 331, 3, 0, 0, 0]
[15, 34562, 4668, 324, 3, 0, 0, 0]
[15, 34689, 4537, 329, 2, 0, 0, 0]
[15, 34723, 4513, 320, 1, 0, 0, 0]
[15, 34680, 4566, 310, 1, 0, 0, 0]
[15, 34643, 4604, 308, 2, 0, 0, 0]
[15, 34618, 4614, 324, 1, 0, 0, 0]
[15, 34630, 4605, 322, 0, 0, 0, 0]
[15, 34628, 4635, 292, 2, 0, 0, 0]
[15, 34628, 4651, 276, 2, 0, 0, 0]
[15, 34562, 4705, 286, 4, 0, 0, 0]
[15, 34522, 4757, 273, 5, 0, 0, 0]
[15, 34549, 4750, 256, 2, 0, 0, 0]
[15, 34648, 4648, 260, 1, 0, 0, 0]
[15, 34711, 4550, 295, 1, 0, 0, 0]
[15, 34622, 4629, 305, 1, 0, 0, 0]
[15, 34673, 4588, 296, 0, 0, 0, 0]
[15, 34699, 4554, 304, 0, 0, 0, 0]
[15, 34704, 4572, 281, 0, 0, 0, 0]
[15, 34602, 4663, 292, 0, 0, 0, 0]
[15, 34585, 4702, 270, 0, 0, 0, 0]
[15, 34557, 4700, 299, 1, 0, 0, 0]
[15, 34532, 4709, 315, 1, 0, 0, 0]
[15, 34577, 4656, 323, 1, 0, 0, 0]
[15, 34688, 4545, 322, 2, 0, 0, 0]
[15, 34699, 4538, 317, 3, 0, 0, 0]
[15, 34672, 4576, 307, 2, 0, 0, 0]
[15, 34702, 4555, 299, 1, 0, 0, 0]
[15, 34650, 4623, 284, 0, 0, 0, 0]
[15, 34534, 4707, 315, 1, 0, 0, 0]
[15, 34573, 4685, 296, 3, 0, 0, 0]
[15, 34564, 4685, 307, 1, 0, 0, 0]
[15, 34680, 4572, 304, 1, 0, 0, 0]
[15, 34707, 4550, 299, 1, 0, 0, 0]
[15, 34704, 4544, 309, 0, 0, 0, 0]
[15, 34655, 4612, 289, 1, 0, 0, 0]
[15, 34552, 4701, 304, 0, 0, 0, 0]
[15, 34643, 4597, 317, 0, 0, 0, 0]
[15, 34659, 4616, 282, 0, 0, 0, 0]
[15, 34696, 4568, 292, 1, 0, 0, 0]
[15, 34560, 4695, 301, 1, 0, 0, 0]
[15, 34614, 4625, 315, 3, 0, 0, 0]
[15, 34668, 4582, 306, 1, 0, 0, 0]
[15, 34616, 4622, 318, 1, 0, 0, 0]
[15, 34526, 4680, 349, 2, 0, 0, 0]
[15, 34597, 4629, 328, 3, 0, 0, 0]
[15, 34582, 4654, 320, 1, 0, 0, 0]
[15, 34591, 4642, 323, 1, 0, 0, 0]
[15, 34591, 4626, 339, 1, 0, 0, 0]
[15, 34561, 4668, 327, 1, 0, 0, 0]
[15, 34544, 4694, 316, 3, 0, 0, 0]
[15, 34628, 4597, 329, 3, 0, 0, 0]
[15, 34620, 4617, 318, 2, 0, 0, 0]
[15, 34656, 4597, 302, 2, 0, 0, 0]
[15, 34683, 4554, 319, 1, 0, 0, 0]
[15, 34672, 4568, 316, 1, 0, 0, 0]
[15, 34697, 4550, 310, 0, 0, 0, 0]
[15, 34632, 4624, 301, 0, 0, 0, 0]
[15, 34573, 4674, 309, 1, 0, 0, 0]
[15, 34590, 4686, 280, 1, 0, 0, 0]
[15, 34560, 4695, 301, 1, 0, 0, 0]
[15, 34592, 4631, 334, 0, 0, 0, 0]
[15, 34638, 4621, 298, 0, 0, 0, 0]
[15, 34599, 4647, 309, 2, 0, 0, 0]
[15, 34548, 4690, 318, 1, 0, 0, 0]
[15, 34484, 4786, 286, 1, 0, 0, 0]
[15, 34525, 4752, 279, 1, 0, 0, 0]
[15, 34564, 4698, 295, 0, 0, 0, 0]
[15, 34677, 4584, 296, 0, 0, 0, 0]
[15, 34594, 4671, 292, 0, 0, 0, 0]
[15, 34603, 4655, 299, 0, 0, 0, 0]
[15, 34601, 4664, 292, 0, 0, 0, 0]
[15, 34587, 4652, 318, 0, 0, 0, 0]
[15, 34656, 4582, 318, 1, 0, 0, 0]
[15, 34715, 4506, 335, 1, 0, 0, 0]
[15, 34658, 4592, 306, 1, 0, 0, 0]
[15, 34673, 4583, 301, 0, 0, 0, 0]
[15, 34693, 4549, 315, 0, 0, 0, 0]
[15, 34674, 4583, 300, 0, 0, 0, 0]
[15, 34581, 4675, 301, 0, 0, 0, 0]
[15, 34580, 4647, 329, 1, 0, 0, 0]
[15, 34584, 4635, 337, 1, 0, 0, 0]
[15, 34593, 4648, 316, 0, 0, 0, 0]
[15, 34695, 4547, 314, 1, 0, 0, 0]
[15, 34683, 4546, 326, 2, 0, 0, 0]
[15, 34688, 4565, 303, 1, 0, 0, 0]
[15, 34547, 4720, 290, 0, 0, 0, 0]
[15, 34524, 4725, 307, 1, 0, 0, 0]
[15, 34528, 4707, 321, 1, 0, 0, 0]
[15, 34518, 4697, 341, 1, 0, 0, 0]
[15, 34588, 4642, 327, 0, 0, 0, 0]
[15, 34508, 4720, 329, 0, 0, 0, 0]
[15, 34489, 4732, 336, 0, 0, 0, 0]
[15, 34486, 4755, 315, 1, 0, 0, 0]
[15, 34500, 4733, 321, 3, 0, 0, 0]
[15, 34455, 4791, 310, 1, 0, 0, 0]
[15, 34560, 4688, 309, 0, 0, 0, 0]
[15, 34611, 4658, 288, 0, 0, 0, 0]
[15, 34650, 4620, 287, 0, 0, 0, 0]
[15, 34657, 4582, 318, 0, 0, 0, 0]
[15, 34685, 4561, 310, 1, 0, 0, 0]
[15, 34650, 4577, 328, 2, 0, 0, 0]
[15, 34627, 4595, 331, 4, 0, 0, 0]
[15, 34686, 4531, 339, 1, 0, 0, 0]
[15, 34732, 4502, 322, 1, 0, 0, 0]
[15, 34683, 4553, 319, 2, 0, 0, 0]
[15, 34554, 4689, 311, 3, 0, 0, 0]
[15, 34585, 4662, 310, 0, 0, 0, 0]
[15, 34631, 4616, 309, 1, 0, 0, 0]
[15, 34641, 4609, 307, 0, 0, 0, 0]
[15, 34629, 4613, 315, 0, 0, 0, 0]
[15, 34530, 4719, 306, 2, 0, 0, 0]
[15, 34563, 4696, 297, 1, 0, 0, 0]
[15, 34607, 4635, 313, 2, 0, 0, 0]
[15, 34606, 4662, 287, 2, 0, 0, 0]
[15, 34673, 4579, 304, 1, 0, 0, 0]
[15, 34620, 4637, 300, 0, 0, 0, 0]
[15, 34625, 4616, 316, 0, 0, 0, 0]
[15, 34639, 4585, 333, 0, 0, 0, 0]
[15, 34670, 4568, 319, 0, 0, 0, 0]
[15, 34631, 4638, 287, 1, 0, 0, 0]
[15, 34537, 4730, 289, 1, 0, 0, 0]
[15, 34592, 4672, 292, 1, 0, 0, 0]
[15, 34513, 4748, 295, 1, 0, 0, 0]
[15, 34521, 4744, 292, 0, 0, 0, 0]
[15, 34626, 4631, 300, 0, 0, 0, 0]
[15, 34548, 4702, 307, 0, 0, 0, 0]
[15, 34525, 4725, 305, 2, 0, 0, 0]
[15, 34513, 4721, 321, 2, 0, 0, 0]
[15, 34546, 4686, 323, 2, 0, 0, 0]
[15, 34550, 4700, 305, 2, 0, 0, 0]
[15, 34605, 4647, 305, 0, 0, 0, 0]
[15, 34636, 4595, 323, 3, 0, 0, 0]
[15, 34568, 4649, 339, 1, 0, 0, 0]
[15, 34537, 4713, 307, 0, 0, 0, 0]
[15, 34528, 4716, 311, 2, 0, 0, 0]
[15, 34569, 4663, 322, 3, 0, 0, 0]
[15, 34544, 4707, 306, 0, 0, 0, 0]
[15, 34578, 4688, 290, 1, 0, 0, 0]
[15, 34708, 4550, 299, 0, 0, 0, 0]
[15, 34747, 4528, 282, 0, 0, 0, 0]
[15, 34721, 4553, 282, 1, 0, 0, 0]
[15, 34596, 4673, 287, 1, 0, 0, 0]
[15, 34716, 4571, 268, 2, 0, 0, 0]
[15, 34684, 4591, 280, 2, 0, 0, 0]
[15, 34607, 4651, 298, 1, 0, 0, 0]
[15, 34556, 4677, 323, 1, 0, 0, 0]
[15, 34563, 4684, 309, 1, 0, 0, 0]
[15, 34662, 4576, 319, 0, 0, 0, 0]
[15, 34585, 4658, 314, 0, 0, 0, 0]
[15, 34630, 4604, 321, 2, 0, 0, 0]
[15, 34644, 4620, 292, 1, 0, 0, 0]
[15, 34533, 4728, 295, 1, 0, 0, 0]
[15, 34557, 4700, 299, 1, 0, 0, 0]
[15, 34536, 4726, 294, 1, 0, 0, 0]
[15, 34608, 4630, 318, 1, 0, 0, 0]
[15, 34623, 4620, 312, 2, 0, 0, 0]
[15, 34594, 4638, 323, 2, 0, 0, 0]
[15, 34613, 4614, 327, 3, 0, 0, 0]
[15, 34570, 4663, 322, 2, 0, 0, 0]
[15, 34613, 4658, 284, 2, 0, 0, 0]
[15, 34664, 4605, 284, 4, 0, 0, 0]
[15, 34593, 4690, 270, 4, 0, 0, 0]
[15, 34636, 4644, 275, 2, 0, 0, 0]
[15, 34692, 4571, 292, 2, 0, 0, 0]
[15, 34662, 4606, 288, 1, 0, 0, 0]
[15, 34635, 4645, 276, 1, 0, 0, 0]
[15, 34664, 4603, 290, 0, 0, 0, 0]
[15, 34617, 4637, 302, 1, 0, 0, 0]
[15, 34616, 4639, 301, 1, 0, 0, 0]
[15, 34665, 4591, 300, 1, 0, 0, 0]
[15, 34671, 4592, 291, 3, 0, 0, 0]
[15, 34672, 4568, 314, 3, 0, 0, 0]
[15, 34546, 4702, 308, 1, 0, 0, 0]
[15, 34623, 4634, 300, 0, 0, 0, 0]
[15, 34655, 4611, 291, 0, 0, 0, 0]
[15, 34714, 4554, 289, 0, 0, 0, 0]
[15, 34599, 4652, 305, 1, 0, 0, 0]
[15, 34512, 4764, 280, 1, 0, 0, 0]
[15, 34470, 4815, 271, 1, 0, 0, 0]
[15, 34521, 4775, 260, 1, 0, 0, 0]
[15, 34566, 4709, 281, 1, 0, 0, 0]
[15, 34609, 4654, 294, 0, 0, 0, 0]
[15, 34515, 4743, 298, 1, 0, 0, 0]
[15, 34558, 4684, 315, 0, 0, 0, 0]
[15, 34517, 4724, 316, 0, 0, 0, 0]
[15, 34623, 4614, 320, 0, 0, 0, 0]
[15, 34560, 4685, 312, 0, 0, 0, 0]
[15, 34569, 4675, 312, 1, 0, 0, 0]
[15, 34572, 4657, 325, 3, 0, 0, 0]
[15, 34572, 4644, 340, 1, 0, 0, 0]
[15, 34584, 4639, 333, 1, 0, 0, 0]
[15, 34558, 4655, 343, 1, 0, 0, 0]
[15, 34597, 4641, 317, 2, 0, 0, 0]
[15, 34580, 4650, 327, 0, 0, 0, 0]
[15, 34610, 4647, 298, 2, 0, 0, 0]
[15, 34621, 4637, 298, 1, 0, 0, 0]
[15, 34571, 4680, 304, 2, 0, 0, 0]
[15, 34559, 4677, 320, 1, 0, 0, 0]
[15, 34508, 4748, 300, 1, 0, 0, 0]
[15, 34597, 4661, 298, 1, 0, 0, 0]
[15, 34640, 4593, 322, 2, 0, 0, 0]
[15, 34621, 4633, 301, 2, 0, 0, 0]
[15, 34519, 4741, 294, 3, 0, 0, 0]
[15, 34547, 4721, 286, 3, 0, 0, 0]
[15, 34512, 4771, 272, 2, 0, 0, 0]
[15, 34627, 4647, 282, 1, 0, 0, 0]
[15, 34595, 4671, 291, 0, 0, 0, 0]
[15, 34684, 4594, 278, 1, 0, 0, 0]
[15, 34651, 4612, 294, 0, 0, 0, 0]
[15, 34565, 4712, 280, 0, 0, 0, 0]
[15, 34631, 4642, 284, 0, 0, 0, 0]
[15, 34650, 4605, 302, 0, 0, 0, 0]
[15, 34595, 4657, 304, 1, 0, 0, 0]
[15, 34619, 4606, 332, 0, 0, 0, 0]
[15, 34649, 4600, 308, 0, 0, 0, 0]
[15, 34581, 4658, 318, 0, 0, 0, 0]
[15, 34648, 4593, 315, 1, 0, 0, 0]
[15, 34663, 4570, 324, 0, 0, 0, 0]
[15, 34638, 4596, 322, 1, 0, 0, 0]
[15, 34673, 4580, 303, 1, 0, 0, 0]
[15, 34720, 4532, 305, 0, 0, 0, 0]
[15, 34772, 4488, 296, 1, 0, 0, 0]
[15, 34782, 4469, 305, 1, 0, 0, 0]
[15, 34663, 4566, 326, 2, 0, 0, 0]
[15, 34630, 4648, 279, 0, 0, 0, 0]
[15, 34702, 4574, 281, 0, 0, 0, 0]
[15, 34685, 4575, 296, 1, 0, 0, 0]
[15, 34556, 4710, 290, 1, 0, 0, 0]
[15, 34555, 4695, 306, 1, 0, 0, 0]
[15, 34613, 4652, 291, 1, 0, 0, 0]
[15, 34597, 4668, 291, 1, 0, 0, 0]
[15, 34533, 4719, 305, 0, 0, 0, 0]
[15, 34506, 4733, 317, 1, 0, 0, 0]
[15, 34450, 4804, 302, 1, 0, 0, 0]
[15, 34583, 4680, 292, 2, 0, 0, 0]
[15, 34533, 4728, 295, 1, 0, 0, 0]
[15, 34734, 4497, 325, 1, 0, 0, 0]
[15, 34600, 4633, 323, 1, 0, 0, 0]
[15, 34544, 4673, 338, 2, 0, 0, 0]
[15, 34720, 4520, 314, 3, 0, 0, 0]
[15, 34678, 4566, 312, 1, 0, 0, 0]
[15, 34749, 4487, 319, 2, 0, 0, 0]
[15, 34725, 4514, 317, 1, 0, 0, 0]
[15, 34609, 4617, 330, 1, 0, 0, 0]
[15, 34578, 4651, 328, 0, 0, 0, 0]
[15, 34656, 4572, 328, 1, 0, 0, 0]
[15, 34622, 4616, 317, 2, 0, 0, 0]
[15, 34610, 4614, 332, 1, 0, 0, 0]
[15, 34612, 4642, 302, 1, 0, 0, 0]
[15, 34789, 4478, 288, 2, 0, 0, 0]
[15, 34776, 4484, 296, 1, 0, 0, 0]
[15, 34678, 4582, 297, 0, 0, 0, 0]
[15, 34642, 4613, 300, 2, 0, 0, 0]
[15, 34492, 4750, 314, 1, 0, 0, 0]
[15, 34641, 4561, 352, 3, 0, 0, 0]
[15, 34728, 4501, 326, 2, 0, 0, 0]
[15, 34709, 4542, 305, 1, 0, 0, 0]
[15, 34717, 4535, 304, 1, 0, 0, 0]
[15, 34705, 4541, 310, 1, 0, 0, 0]
[15, 34670, 4587, 299, 1, 0, 0, 0]
[15, 34691, 4561, 305, 0, 0, 0, 0]
[15, 34710, 4551, 296, 0, 0, 0, 0]
[15, 34576, 4650, 330, 1, 0, 0, 0]
[15, 34691, 4557, 308, 1, 0, 0, 0]
[15, 34755, 4492, 309, 1, 0, 0, 0]
[15, 34691, 4547, 319, 0, 0, 0, 0]
[15, 34598, 4616, 343, 0, 0, 0, 0]
[15, 34639, 4614, 304, 0, 0, 0, 0]
[15, 34694, 4544, 318, 1, 0, 0, 0]
[15, 34619, 4614, 323, 1, 0, 0, 0]
[15, 34608, 4611, 336, 2, 0, 0, 0]
[15, 34613, 4613, 330, 1, 0, 0, 0]
[15, 34581, 4640, 336, 0, 0, 0, 0]
[15, 34604, 4650, 303, 0, 0, 0, 0]
[15, 34628, 4621, 307, 1, 0, 0, 0]
[15, 34711, 4542, 301, 3, 0, 0, 0]
[15, 34677, 4560, 317, 3, 0, 0, 0]
[15, 34626, 4608, 320, 3, 0, 0, 0]
[15, 34613, 4640, 302, 2, 0, 0, 0]
[15, 34585, 4679, 292, 1, 0, 0, 0]
[15, 34586, 4655, 315, 1, 0, 0, 0]
[15, 34557, 4693, 305, 2, 0, 0, 0]
[15, 34725, 4535, 295, 2, 0, 0, 0]
[15, 34554, 4702, 300, 1, 0, 0, 0]
[15, 34569, 4685, 302, 1, 0, 0, 0]
[15, 34553, 4696, 306, 2, 0, 0, 0]
[15, 34623, 4611, 322, 1, 0, 0, 0]
[15, 34659, 4582, 316, 0, 0, 0, 0]
[15, 34575, 4672, 309, 1, 0, 0, 0]
[15, 34537, 4707, 312, 1, 0, 0, 0]
[15, 34624, 4627, 305, 1, 0, 0, 0]
[15, 34634, 4603, 319, 1, 0, 0, 0]
[15, 34685, 4575, 296, 1, 0, 0, 0]
[15, 34737, 4537, 283, 0, 0, 0, 0]
[15, 34644, 4638, 275, 0, 0, 0, 0]
[15, 34620, 4648, 288, 1, 0, 0, 0]
